     Lon     Lat    Year    ANGE    PAVI   Total
-96.6100 39.1100       0   0.000   0.000   0.000
-96.6100 39.1100       1   0.207   0.265   0.472
-96.6100 39.1100       2   0.244   0.267   0.510
-96.6100 39.1100       3   0.154   0.150   0.304
-96.6100 39.1100       4   0.281   0.262   0.543
-96.6100 39.1100       5   0.251   0.166   0.417
-96.6100 39.1100       6   0.404   0.261   0.665
-96.6100 39.1100       7   0.243   0.116   0.359
-96.6100 39.1100       8   0.309   0.133   0.441
-96.6100 39.1100       9   0.288   0.089   0.377
-96.6100 39.1100      10   0.373   0.072   0.445
-96.6100 39.1100      11   0.382   0.004   0.386
-96.6100 39.1100      12   0.509   0.017   0.526
-96.6100 39.1100      13   0.588   0.009   0.597
-96.6100 39.1100      14   0.650   0.009   0.659
-96.6100 39.1100      15   0.507   0.017   0.524
-96.6100 39.1100      16   0.352   0.015   0.367
-96.6100 39.1100      17   0.463   0.026   0.489
-96.6100 39.1100      18   0.606   0.047   0.653
-96.6100 39.1100      19   0.637   0.025   0.661
-96.6100 39.1100      20   0.422   0.025   0.447
-96.6100 39.1100      21   0.501   0.031   0.533
-96.6100 39.1100      22   0.535   0.040   0.574
-96.6100 39.1100      23   0.562   0.030   0.592
-96.6100 39.1100      24   0.499   0.039   0.538
-96.6100 39.1100      25   0.372   0.025   0.397
-96.6100 39.1100      26   0.442   0.038   0.480
-96.6100 39.1100      27   0.370   0.034   0.405
-96.6100 39.1100      28   0.439   0.038   0.478
-96.6100 39.1100      29   0.492   0.050   0.542
-96.6100 39.1100      30   0.348   0.038   0.386
-96.6100 39.1100      31   0.374   0.053   0.427
-96.6100 39.1100      32   0.335   0.054   0.389
-96.6100 39.1100      33   0.513   0.059   0.572
-96.6100 39.1100      34   0.474   0.056   0.529
-96.6100 39.1100      35   0.452   0.052   0.504
-96.6100 39.1100      36   0.512   0.074   0.586
-96.6100 39.1100      37   0.463   0.035   0.498
-96.6100 39.1100      38   0.482   0.057   0.540
-96.6100 39.1100      39   0.425   0.058   0.483
-96.6100 39.1100      40   0.457   0.064   0.521
-96.6100 39.1100      41   0.445   0.060   0.505
-96.6100 39.1100      42   0.371   0.049   0.421
-96.6100 39.1100      43   0.413   0.065   0.478
-96.6100 39.1100      44   0.567   0.061   0.627
-96.6100 39.1100      45   0.284   0.036   0.320
-96.6100 39.1100      46   0.487   0.068   0.555
-96.6100 39.1100      47   0.477   0.063   0.540
-96.6100 39.1100      48   0.458   0.064   0.522
-96.6100 39.1100      49   0.529   0.073   0.602
-96.6100 39.1100      50   0.542   0.054   0.596
-96.6100 39.1100      51   0.471   0.066   0.538
-96.6100 39.1100      52   0.440   0.068   0.508
-96.6100 39.1100      53   0.460   0.077   0.537
-96.6100 39.1100      54   0.579   0.066   0.645
-96.6100 39.1100      55   0.369   0.075   0.445
-96.6100 39.1100      56   0.478   0.067   0.545
-96.6100 39.1100      57   0.384   0.063   0.448
-96.6100 39.1100      58   0.433   0.065   0.498
-96.6100 39.1100      59   0.492   0.080   0.573
-96.6100 39.1100      60   0.590   0.073   0.663
-96.6100 39.1100      61   0.362   0.047   0.409
-96.6100 39.1100      62   0.337   0.041   0.378
-96.6100 39.1100      63   0.502   0.053   0.555
-96.6100 39.1100      64   0.535   0.054   0.589
-96.6100 39.1100      65   0.404   0.042   0.446
-96.6100 39.1100      66   0.430   0.048   0.478
-96.6100 39.1100      67   0.417   0.047   0.465
-96.6100 39.1100      68   0.371   0.055   0.426
-96.6100 39.1100      69   0.346   0.036   0.382
-96.6100 39.1100      70   0.438   0.053   0.491
-96.6100 39.1100      71   0.473   0.051   0.525
-96.6100 39.1100      72   0.446   0.057   0.503
-96.6100 39.1100      73   0.573   0.047   0.620
-96.6100 39.1100      74   0.634   0.050   0.684
-96.6100 39.1100      75   0.448   0.047   0.495
-96.6100 39.1100      76   0.459   0.047   0.506
-96.6100 39.1100      77   0.495   0.053   0.547
-96.6100 39.1100      78   0.470   0.061   0.531
-96.6100 39.1100      79   0.510   0.041   0.551
-96.6100 39.1100      80   0.377   0.049   0.426
-96.6100 39.1100      81   0.401   0.058   0.459
-96.6100 39.1100      82   0.414   0.063   0.477
-96.6100 39.1100      83   0.404   0.070   0.475
-96.6100 39.1100      84   0.492   0.091   0.583
-96.6100 39.1100      85   0.368   0.080   0.447
-96.6100 39.1100      86   0.365   0.066   0.431
-96.6100 39.1100      87   0.370   0.075   0.446
-96.6100 39.1100      88   0.375   0.065   0.441
-96.6100 39.1100      89   0.421   0.088   0.508
-96.6100 39.1100      90   0.419   0.075   0.494
-96.6100 39.1100      91   0.406   0.069   0.474
-96.6100 39.1100      92   0.418   0.078   0.496
-96.6100 39.1100      93   0.419   0.063   0.483
-96.6100 39.1100      94   0.465   0.078   0.543
-96.6100 39.1100      95   0.437   0.065   0.502
-96.6100 39.1100      96   0.337   0.059   0.396
-96.6100 39.1100      97   0.374   0.067   0.441
-96.6100 39.1100      98   0.525   0.107   0.631
-96.6100 39.1100      99   0.446   0.084   0.530
-96.6100 39.1100     100   0.364   0.064   0.428
-96.6100 39.1100     101   0.433   0.068   0.501
-96.6100 39.1100     102   0.407   0.061   0.468
-96.6100 39.1100     103   0.397   0.055   0.452
-96.6100 39.1100     104   0.356   0.048   0.403
-96.6100 39.1100     105   0.443   0.063   0.506
-96.6100 39.1100     106   0.387   0.051   0.438
-96.6100 39.1100     107   0.339   0.048   0.387
-96.6100 39.1100     108   0.600   0.069   0.669
-96.6100 39.1100     109   0.405   0.067   0.472
-96.6100 39.1100     110   0.479   0.049   0.528
-96.6100 39.1100     111   0.407   0.054   0.462
-96.6100 39.1100     112   0.354   0.057   0.411
-96.6100 39.1100     113   0.323   0.041   0.364
-96.6100 39.1100     114   0.384   0.054   0.438
-96.6100 39.1100     115   0.415   0.064   0.478
-96.6100 39.1100     116   0.391   0.071   0.463
-96.6100 39.1100     117   0.346   0.053   0.399
-96.6100 39.1100     118   0.423   0.081   0.504
-96.6100 39.1100     119   0.357   0.062   0.419
-96.6100 39.1100     120   0.351   0.057   0.408
-96.6100 39.1100     121   0.415   0.077   0.492
-96.6100 39.1100     122   0.379   0.105   0.484
-96.6100 39.1100     123   0.382   0.062   0.444
-96.6100 39.1100     124   0.439   0.089   0.528
-96.6100 39.1100     125   0.327   0.087   0.414
-96.6100 39.1100     126   0.413   0.090   0.503
-96.6100 39.1100     127   0.417   0.093   0.510
-96.6100 39.1100     128   0.402   0.114   0.516
-96.6100 39.1100     129   0.348   0.082   0.430
-96.6100 39.1100     130   0.393   0.095   0.488
-96.6100 39.1100     131   0.399   0.101   0.500
-96.6100 39.1100     132   0.425   0.096   0.521
-96.6100 39.1100     133   0.350   0.080   0.430
-96.6100 39.1100     134   0.289   0.060   0.349
-96.6100 39.1100     135   0.456   0.106   0.562
-96.6100 39.1100     136   0.388   0.094   0.483
-96.6100 39.1100     137   0.387   0.089   0.476
-96.6100 39.1100     138   0.347   0.059   0.406
-96.6100 39.1100     139   0.437   0.069   0.506
-96.6100 39.1100     140   0.430   0.087   0.518
-96.6100 39.1100     141   0.428   0.061   0.489
-96.6100 39.1100     142   0.445   0.064   0.509
-96.6100 39.1100     143   0.443   0.064   0.508
-96.6100 39.1100     144   0.434   0.059   0.493
-96.6100 39.1100     145   0.406   0.059   0.465
-96.6100 39.1100     146   0.334   0.046   0.380
-96.6100 39.1100     147   0.396   0.051   0.447
-96.6100 39.1100     148   0.426   0.044   0.470
-96.6100 39.1100     149   0.472   0.056   0.529
-96.6100 39.1100     150   0.357   0.060   0.417
-96.6100 39.1100     151   0.410   0.064   0.474
-96.6100 39.1100     152   0.376   0.063   0.440
-96.6100 39.1100     153   0.490   0.107   0.598
-96.6100 39.1100     154   0.564   0.083   0.647
-96.6100 39.1100     155   0.363   0.058   0.421
-96.6100 39.1100     156   0.304   0.056   0.361
-96.6100 39.1100     157   0.401   0.087   0.488
-96.6100 39.1100     158   0.358   0.074   0.431
-96.6100 39.1100     159   0.384   0.062   0.446
-96.6100 39.1100     160   0.396   0.075   0.470
-96.6100 39.1100     161   0.359   0.075   0.434
-96.6100 39.1100     162   0.486   0.073   0.560
-96.6100 39.1100     163   0.404   0.068   0.472
-96.6100 39.1100     164   0.391   0.059   0.451
-96.6100 39.1100     165   0.416   0.068   0.484
-96.6100 39.1100     166   0.341   0.075   0.416
-96.6100 39.1100     167   0.388   0.083   0.471
-96.6100 39.1100     168   0.424   0.076   0.500
-96.6100 39.1100     169   0.528   0.105   0.633
-96.6100 39.1100     170   0.519   0.108   0.627
-96.6100 39.1100     171   0.490   0.062   0.552
-96.6100 39.1100     172   0.382   0.074   0.456
-96.6100 39.1100     173   0.489   0.078   0.567
-96.6100 39.1100     174   0.546   0.077   0.623
-96.6100 39.1100     175   0.462   0.064   0.526
-96.6100 39.1100     176   0.502   0.114   0.617
-96.6100 39.1100     177   0.625   0.101   0.725
-96.6100 39.1100     178   0.368   0.079   0.447
-96.6100 39.1100     179   0.411   0.066   0.476
-96.6100 39.1100     180   0.381   0.072   0.453
-96.6100 39.1100     181   0.359   0.069   0.429
-96.6100 39.1100     182   0.350   0.064   0.413
-96.6100 39.1100     183   0.390   0.088   0.478
-96.6100 39.1100     184   0.397   0.090   0.487
-96.6100 39.1100     185   0.491   0.081   0.572
-96.6100 39.1100     186   0.553   0.092   0.645
-96.6100 39.1100     187   0.356   0.083   0.439
-96.6100 39.1100     188   0.388   0.069   0.457
-96.6100 39.1100     189   0.358   0.065   0.423
-96.6100 39.1100     190   0.383   0.066   0.449
-96.6100 39.1100     191   0.428   0.065   0.493
-96.6100 39.1100     192   0.433   0.072   0.505
-96.6100 39.1100     193   0.349   0.051   0.400
-96.6100 39.1100     194   0.405   0.053   0.458
-96.6100 39.1100     195   0.357   0.055   0.412
-96.6100 39.1100     196   0.452   0.065   0.517
-96.6100 39.1100     197   0.342   0.051   0.394
-96.6100 39.1100     198   0.308   0.043   0.352
-96.6100 39.1100     199   0.383   0.058   0.441
-96.6100 39.1100     200   0.385   0.067   0.452
-96.6100 39.1100     201   0.329   0.058   0.387
-96.6100 39.1100     202   0.397   0.058   0.455
-96.6100 39.1100     203   0.417   0.079   0.495
-96.6100 39.1100     204   0.462   0.069   0.532
-96.6100 39.1100     205   0.272   0.044   0.316
-96.6100 39.1100     206   0.476   0.062   0.538
-96.6100 39.1100     207   0.427   0.072   0.499
-96.6100 39.1100     208   0.558   0.098   0.656
-96.6100 39.1100     209   0.393   0.066   0.458
-96.6100 39.1100     210   0.464   0.056   0.520
-96.6100 39.1100     211   0.460   0.068   0.527
-96.6100 39.1100     212   0.366   0.063   0.429
-96.6100 39.1100     213   0.630   0.074   0.704
-96.6100 39.1100     214   0.316   0.050   0.366
-96.6100 39.1100     215   0.461   0.057   0.518
-96.6100 39.1100     216   0.471   0.066   0.536
-96.6100 39.1100     217   0.388   0.066   0.454
-96.6100 39.1100     218   0.527   0.052   0.580
-96.6100 39.1100     219   0.431   0.050   0.482
-96.6100 39.1100     220   0.419   0.050   0.470
-96.6100 39.1100     221   0.437   0.074   0.511
-96.6100 39.1100     222   0.402   0.058   0.460
-96.6100 39.1100     223   0.550   0.083   0.633
-96.6100 39.1100     224   0.473   0.038   0.511
-96.6100 39.1100     225   0.386   0.053   0.439
-96.6100 39.1100     226   0.469   0.049   0.518
-96.6100 39.1100     227   0.469   0.056   0.525
-96.6100 39.1100     228   0.380   0.059   0.439
-96.6100 39.1100     229   0.411   0.053   0.464
-96.6100 39.1100     230   0.481   0.079   0.560
-96.6100 39.1100     231   0.514   0.051   0.565
-96.6100 39.1100     232   0.330   0.052   0.382
-96.6100 39.1100     233   0.494   0.056   0.550
-96.6100 39.1100     234   0.566   0.065   0.631
-96.6100 39.1100     235   0.375   0.049   0.424
-96.6100 39.1100     236   0.351   0.043   0.394
-96.6100 39.1100     237   0.475   0.056   0.531
-96.6100 39.1100     238   0.385   0.040   0.425
-96.6100 39.1100     239   0.421   0.051   0.472
-96.6100 39.1100     240   0.343   0.046   0.389
-96.6100 39.1100     241   0.540   0.081   0.621
-96.6100 39.1100     242   0.539   0.049   0.588
-96.6100 39.1100     243   0.419   0.054   0.473
-96.6100 39.1100     244   0.437   0.065   0.502
-96.6100 39.1100     245   0.420   0.067   0.487
-96.6100 39.1100     246   0.366   0.050   0.416
-96.6100 39.1100     247   0.436   0.062   0.498
-96.6100 39.1100     248   0.346   0.043   0.389
-96.6100 39.1100     249   0.445   0.057   0.502
-96.6100 39.1100     250   0.427   0.053   0.479
-96.6100 39.1100     251   0.381   0.045   0.425
-96.6100 39.1100     252   0.560   0.073   0.632
-96.6100 39.1100     253   0.349   0.054   0.403
-96.6100 39.1100     254   0.469   0.076   0.545
-96.6100 39.1100     255   0.392   0.059   0.452
-96.6100 39.1100     256   0.368   0.052   0.420
-96.6100 39.1100     257   0.394   0.061   0.455
-96.6100 39.1100     258   0.426   0.073   0.499
-96.6100 39.1100     259   0.566   0.068   0.634
-96.6100 39.1100     260   0.430   0.067   0.497
-96.6100 39.1100     261   0.392   0.060   0.452
-96.6100 39.1100     262   0.434   0.061   0.496
-96.6100 39.1100     263   0.381   0.049   0.430
-96.6100 39.1100     264   0.347   0.055   0.402
-96.6100 39.1100     265   0.375   0.055   0.430
-96.6100 39.1100     266   0.397   0.057   0.454
-96.6100 39.1100     267   0.475   0.069   0.545
-96.6100 39.1100     268   0.401   0.055   0.456
-96.6100 39.1100     269   0.422   0.064   0.486
-96.6100 39.1100     270   0.425   0.055   0.480
-96.6100 39.1100     271   0.430   0.070   0.500
-96.6100 39.1100     272   0.376   0.060   0.437
-96.6100 39.1100     273   0.432   0.070   0.502
-96.6100 39.1100     274   0.427   0.085   0.512
-96.6100 39.1100     275   0.648   0.077   0.725
-96.6100 39.1100     276   0.332   0.054   0.385
-96.6100 39.1100     277   0.338   0.047   0.385
-96.6100 39.1100     278   0.459   0.056   0.515
-96.6100 39.1100     279   0.465   0.066   0.530
-96.6100 39.1100     280   0.586   0.066   0.651
-96.6100 39.1100     281   0.399   0.055   0.454
-96.6100 39.1100     282   0.516   0.054   0.570
-96.6100 39.1100     283   0.466   0.061   0.527
-96.6100 39.1100     284   0.414   0.043   0.457
-96.6100 39.1100     285   0.436   0.051   0.487
-96.6100 39.1100     286   0.470   0.063   0.532
-96.6100 39.1100     287   0.419   0.061   0.480
-96.6100 39.1100     288   0.460   0.068   0.528
-96.6100 39.1100     289   0.440   0.066   0.505
-96.6100 39.1100     290   0.489   0.074   0.563
-96.6100 39.1100     291   0.332   0.045   0.377
-96.6100 39.1100     292   0.545   0.060   0.605
-96.6100 39.1100     293   0.489   0.065   0.554
-96.6100 39.1100     294   0.448   0.047   0.496
-96.6100 39.1100     295   0.338   0.053   0.391
-96.6100 39.1100     296   0.451   0.065   0.517
-96.6100 39.1100     297   0.465   0.083   0.548
-96.6100 39.1100     298   0.539   0.061   0.600
-96.6100 39.1100     299   0.494   0.058   0.552
-96.6100 39.1100     300   0.568   0.075   0.644
-96.6100 39.1100     301   0.397   0.075   0.472
-96.6100 39.1100     302   0.513   0.082   0.595
-96.6100 39.1100     303   0.389   0.077   0.466
-96.6100 39.1100     304   0.381   0.082   0.463
-96.6100 39.1100     305   0.411   0.083   0.493
-96.6100 39.1100     306   0.365   0.081   0.446
-96.6100 39.1100     307   0.479   0.078   0.557
-96.6100 39.1100     308   0.411   0.099   0.510
-96.6100 39.1100     309   0.373   0.077   0.450
-96.6100 39.1100     310   0.412   0.098   0.511
-96.6100 39.1100     311   0.326   0.057   0.383
-96.6100 39.1100     312   0.380   0.078   0.458
-96.6100 39.1100     313   0.382   0.069   0.451
-96.6100 39.1100     314   0.473   0.089   0.561
-96.6100 39.1100     315   0.411   0.063   0.474
-96.6100 39.1100     316   0.340   0.054   0.394
-96.6100 39.1100     317   0.418   0.082   0.500
-96.6100 39.1100     318   0.357   0.072   0.429
-96.6100 39.1100     319   0.370   0.078   0.448
-96.6100 39.1100     320   0.483   0.104   0.588
-96.6100 39.1100     321   0.525   0.082   0.606
-96.6100 39.1100     322   0.436   0.068   0.504
-96.6100 39.1100     323   0.377   0.060   0.437
-96.6100 39.1100     324   0.376   0.068   0.445
-96.6100 39.1100     325   0.385   0.082   0.467
-96.6100 39.1100     326   0.404   0.081   0.485
-96.6100 39.1100     327   0.383   0.080   0.463
-96.6100 39.1100     328   0.380   0.061   0.441
-96.6100 39.1100     329   0.407   0.079   0.486
-96.6100 39.1100     330   0.380   0.067   0.447
-96.6100 39.1100     331   0.376   0.059   0.435
-96.6100 39.1100     332   0.340   0.076   0.416
-96.6100 39.1100     333   0.420   0.112   0.532
-96.6100 39.1100     334   0.521   0.091   0.611
-96.6100 39.1100     335   0.414   0.071   0.486
-96.6100 39.1100     336   0.391   0.081   0.472
-96.6100 39.1100     337   0.585   0.083   0.668
-96.6100 39.1100     338   0.463   0.062   0.525
-96.6100 39.1100     339   0.412   0.085   0.497
-96.6100 39.1100     340   0.370   0.074   0.444
-96.6100 39.1100     341   0.291   0.060   0.351
-96.6100 39.1100     342   0.438   0.073   0.511
-96.6100 39.1100     343   0.479   0.091   0.570
-96.6100 39.1100     344   0.565   0.078   0.643
-96.6100 39.1100     345   0.332   0.066   0.398
-96.6100 39.1100     346   0.396   0.068   0.464
-96.6100 39.1100     347   0.440   0.087   0.527
-96.6100 39.1100     348   0.434   0.085   0.519
-96.6100 39.1100     349   0.400   0.076   0.476
-96.6100 39.1100     350   0.374   0.066   0.440
-96.6100 39.1100     351   0.405   0.080   0.484
-96.6100 39.1100     352   0.299   0.049   0.348
-96.6100 39.1100     353   0.493   0.067   0.560
-96.6100 39.1100     354   0.456   0.056   0.512
-96.6100 39.1100     355   0.534   0.095   0.629
-96.6100 39.1100     356   0.420   0.082   0.502
-96.6100 39.1100     357   0.459   0.083   0.542
-96.6100 39.1100     358   0.352   0.067   0.419
-96.6100 39.1100     359   0.475   0.078   0.553
-96.6100 39.1100     360   0.344   0.065   0.408
-96.6100 39.1100     361   0.384   0.068   0.452
-96.6100 39.1100     362   0.523   0.117   0.640
-96.6100 39.1100     363   0.259   0.074   0.333
-96.6100 39.1100     364   0.418   0.074   0.492
-96.6100 39.1100     365   0.386   0.073   0.459
-96.6100 39.1100     366   0.376   0.079   0.455
-96.6100 39.1100     367   0.410   0.076   0.486
-96.6100 39.1100     368   0.475   0.098   0.574
-96.6100 39.1100     369   0.466   0.124   0.589
-96.6100 39.1100     370   0.559   0.105   0.665
-96.6100 39.1100     371   0.348   0.069   0.417
-96.6100 39.1100     372   0.381   0.083   0.465
-96.6100 39.1100     373   0.415   0.088   0.504
-96.6100 39.1100     374   0.419   0.084   0.503
-96.6100 39.1100     375   0.355   0.061   0.416
-96.6100 39.1100     376   0.423   0.072   0.495
-96.6100 39.1100     377   0.367   0.063   0.430
-96.6100 39.1100     378   0.333   0.075   0.407
-96.6100 39.1100     379   0.328   0.072   0.400
-96.6100 39.1100     380   0.472   0.074   0.547
-96.6100 39.1100     381   0.655   0.115   0.769
-96.6100 39.1100     382   0.352   0.094   0.446
-96.6100 39.1100     383   0.455   0.088   0.543
-96.6100 39.1100     384   0.370   0.070   0.440
-96.6100 39.1100     385   0.351   0.063   0.414
-96.6100 39.1100     386   0.495   0.110   0.605
-96.6100 39.1100     387   0.402   0.077   0.479
-96.6100 39.1100     388   0.389   0.071   0.460
-96.6100 39.1100     389   0.328   0.069   0.397
-96.6100 39.1100     390   0.574   0.107   0.681
-96.6100 39.1100     391   0.383   0.082   0.465
-96.6100 39.1100     392   0.371   0.084   0.455
-96.6100 39.1100     393   0.361   0.082   0.444
-96.6100 39.1100     394   0.382   0.098   0.480
-96.6100 39.1100     395   0.394   0.113   0.507
-96.6100 39.1100     396   0.522   0.090   0.612
-96.6100 39.1100     397   0.445   0.094   0.539
-96.6100 39.1100     398   0.322   0.082   0.403
-96.6100 39.1100     399   0.448   0.091   0.539
-96.6100 39.1100     400   0.450   0.092   0.542
-96.6100 39.1100     401   0.369   0.102   0.471
-96.6100 39.1100     402   0.287   0.078   0.365
-96.6100 39.1100     403   0.324   0.084   0.408
-96.6100 39.1100     404   0.353   0.096   0.449
-96.6100 39.1100     405   0.366   0.102   0.468
-96.6100 39.1100     406   0.371   0.112   0.482
-96.6100 39.1100     407   0.350   0.102   0.452
-96.6100 39.1100     408   0.324   0.098   0.422
-96.6100 39.1100     409   0.322   0.100   0.422
-96.6100 39.1100     410   0.403   0.090   0.493
-96.6100 39.1100     411   0.413   0.091   0.504
-96.6100 39.1100     412   0.524   0.094   0.618
-96.6100 39.1100     413   0.246   0.064   0.310
-96.6100 39.1100     414   0.357   0.089   0.446
-96.6100 39.1100     415   0.372   0.082   0.454
-96.6100 39.1100     416   0.360   0.083   0.443
-96.6100 39.1100     417   0.358   0.087   0.445
-96.6100 39.1100     418   0.358   0.081   0.439
-96.6100 39.1100     419   0.380   0.080   0.460
-96.6100 39.1100     420   0.443   0.128   0.571
-96.6100 39.1100     421   0.329   0.091   0.420
-96.6100 39.1100     422   0.328   0.092   0.420
-96.6100 39.1100     423   0.359   0.108   0.468
-96.6100 39.1100     424   0.327   0.100   0.427
-96.6100 39.1100     425   0.366   0.104   0.470
-96.6100 39.1100     426   0.348   0.119   0.467
-96.6100 39.1100     427   0.360   0.125   0.486
-96.6100 39.1100     428   0.380   0.135   0.515
-96.6100 39.1100     429   0.386   0.126   0.511
-96.6100 39.1100     430   0.403   0.134   0.537
-96.6100 39.1100     431   0.341   0.097   0.438
-96.6100 39.1100     432   0.258   0.071   0.328
-96.6100 39.1100     433   0.335   0.104   0.439
-96.6100 39.1100     434   0.313   0.098   0.410
-96.6100 39.1100     435   0.358   0.121   0.480
-96.6100 39.1100     436   0.393   0.126   0.520
-96.6100 39.1100     437   0.373   0.145   0.518
-96.6100 39.1100     438   0.496   0.116   0.612
-96.6100 39.1100     439   0.529   0.115   0.644
-96.6100 39.1100     440   0.249   0.092   0.342
-96.6100 39.1100     441   0.424   0.101   0.525
-96.6100 39.1100     442   0.241   0.098   0.338
-96.6100 39.1100     443   0.358   0.103   0.460
-96.6100 39.1100     444   0.324   0.116   0.440
-96.6100 39.1100     445   0.512   0.146   0.658
-96.6100 39.1100     446   0.354   0.094   0.447
-96.6100 39.1100     447   0.329   0.085   0.414
-96.6100 39.1100     448   0.344   0.120   0.464
-96.6100 39.1100     449   0.303   0.115   0.418
-96.6100 39.1100     450   0.372   0.114   0.486
-96.6100 39.1100     451   0.292   0.094   0.385
-96.6100 39.1100     452   0.352   0.119   0.471
-96.6100 39.1100     453   0.356   0.119   0.475
-96.6100 39.1100     454   0.291   0.121   0.411
-96.6100 39.1100     455   0.420   0.138   0.558
-96.6100 39.1100     456   0.297   0.092   0.389
-96.6100 39.1100     457   0.317   0.107   0.423
-96.6100 39.1100     458   0.353   0.155   0.508
-96.6100 39.1100     459   0.342   0.147   0.488
-96.6100 39.1100     460   0.329   0.113   0.441
-96.6100 39.1100     461   0.317   0.116   0.433
-96.6100 39.1100     462   0.334   0.140   0.474
-96.6100 39.1100     463   0.328   0.138   0.465
-96.6100 39.1100     464   0.392   0.189   0.581
-96.6100 39.1100     465   0.322   0.155   0.477
-96.6100 39.1100     466   0.382   0.168   0.550
-96.6100 39.1100     467   0.340   0.153   0.493
-96.6100 39.1100     468   0.357   0.153   0.510
-96.6100 39.1100     469   0.304   0.128   0.432
-96.6100 39.1100     470   0.418   0.153   0.570
-96.6100 39.1100     471   0.288   0.107   0.394
-96.6100 39.1100     472   0.368   0.117   0.485
-96.6100 39.1100     473   0.292   0.117   0.409
-96.6100 39.1100     474   0.336   0.124   0.460
-96.6100 39.1100     475   0.353   0.137   0.490
-96.6100 39.1100     476   0.294   0.141   0.434
-96.6100 39.1100     477   0.403   0.131   0.534
-96.6100 39.1100     478   0.287   0.119   0.407
-96.6100 39.1100     479   0.343   0.152   0.495
-96.6100 39.1100     480   0.313   0.126   0.439
-96.6100 39.1100     481   0.349   0.146   0.495
-96.6100 39.1100     482   0.314   0.114   0.428
-96.6100 39.1100     483   0.359   0.092   0.451
-96.6100 39.1100     484   0.315   0.098   0.412
-96.6100 39.1100     485   0.327   0.126   0.453
-96.6100 39.1100     486   0.490   0.135   0.625
-96.6100 39.1100     487   0.500   0.120   0.620
-96.6100 39.1100     488   0.344   0.112   0.456
-96.6100 39.1100     489   0.444   0.132   0.575
-96.6100 39.1100     490   0.310   0.094   0.404
-96.6100 39.1100     491   0.417   0.139   0.556
-96.6100 39.1100     492   0.283   0.099   0.382
-96.6100 39.1100     493   0.485   0.147   0.632
-96.6100 39.1100     494   0.343   0.148   0.491
-96.6100 39.1100     495   0.336   0.120   0.456
-96.6100 39.1100     496   0.326   0.134   0.459
-96.6100 39.1100     497   0.338   0.121   0.459
-96.6100 39.1100     498   0.395   0.111   0.506
-96.6100 39.1100     499   0.364   0.139   0.503
-96.6100 39.1100     500   0.331   0.120   0.452
-96.6100 39.1100     501   0.579   0.185   0.764
-96.6100 39.1100     502   0.336   0.121   0.457
-96.6100 39.1100     503   0.367   0.129   0.496
-96.6100 39.1100     504   0.371   0.131   0.501
-96.6100 39.1100     505   0.491   0.149   0.640
-96.6100 39.1100     506   0.307   0.099   0.406
-96.6100 39.1100     507   0.420   0.124   0.544
-96.6100 39.1100     508   0.404   0.121   0.525
-96.6100 39.1100     509   0.479   0.148   0.627
-96.6100 39.1100     510   0.407   0.131   0.538
-96.6100 39.1100     511   0.319   0.114   0.434
-96.6100 39.1100     512   0.328   0.135   0.462
-96.6100 39.1100     513   0.433   0.135   0.568
-96.6100 39.1100     514   0.361   0.147   0.509
-96.6100 39.1100     515   0.369   0.145   0.514
-96.6100 39.1100     516   0.290   0.104   0.393
-96.6100 39.1100     517   0.376   0.145   0.521
-96.6100 39.1100     518   0.525   0.170   0.695
-96.6100 39.1100     519   0.332   0.157   0.490
-96.6100 39.1100     520   0.451   0.152   0.603
-96.6100 39.1100     521   0.492   0.160   0.653
-96.6100 39.1100     522   0.371   0.148   0.519
-96.6100 39.1100     523   0.352   0.145   0.496
-96.6100 39.1100     524   0.339   0.162   0.501
-96.6100 39.1100     525   0.307   0.091   0.398
-96.6100 39.1100     526   0.299   0.106   0.405
-96.6100 39.1100     527   0.325   0.125   0.450
-96.6100 39.1100     528   0.329   0.143   0.472
-96.6100 39.1100     529   0.380   0.087   0.467
-96.6100 39.1100     530   0.493   0.126   0.618
-96.6100 39.1100     531   0.310   0.098   0.408
-96.6100 39.1100     532   0.402   0.143   0.545
-96.6100 39.1100     533   0.357   0.141   0.497
-96.6100 39.1100     534   0.418   0.129   0.546
-96.6100 39.1100     535   0.368   0.107   0.476
-96.6100 39.1100     536   0.352   0.115   0.467
-96.6100 39.1100     537   0.379   0.110   0.489
-96.6100 39.1100     538   0.384   0.149   0.533
-96.6100 39.1100     539   0.363   0.142   0.505
-96.6100 39.1100     540   0.344   0.142   0.486
-96.6100 39.1100     541   0.364   0.176   0.540
-96.6100 39.1100     542   0.421   0.123   0.544
-96.6100 39.1100     543   0.458   0.169   0.627
-96.6100 39.1100     544   0.364   0.130   0.494
-96.6100 39.1100     545   0.350   0.134   0.485
-96.6100 39.1100     546   0.359   0.146   0.505
-96.6100 39.1100     547   0.264   0.120   0.384
-96.6100 39.1100     548   0.266   0.146   0.412
-96.6100 39.1100     549   0.392   0.158   0.551
-96.6100 39.1100     550   0.371   0.094   0.465
-96.6100 39.1100     551   0.332   0.104   0.436
-96.6100 39.1100     552   0.358   0.135   0.492
-96.6100 39.1100     553   0.389   0.141   0.530
-96.6100 39.1100     554   0.418   0.166   0.584
-96.6100 39.1100     555   0.365   0.155   0.520
-96.6100 39.1100     556   0.251   0.095   0.346
-96.6100 39.1100     557   0.402   0.140   0.542
-96.6100 39.1100     558   0.411   0.139   0.550
-96.6100 39.1100     559   0.406   0.126   0.532
-96.6100 39.1100     560   0.415   0.174   0.589
-96.6100 39.1100     561   0.453   0.153   0.606
-96.6100 39.1100     562   0.335   0.128   0.463
-96.6100 39.1100     563   0.376   0.141   0.517
-96.6100 39.1100     564   0.360   0.142   0.501
-96.6100 39.1100     565   0.295   0.128   0.423
-96.6100 39.1100     566   0.301   0.113   0.413
-96.6100 39.1100     567   0.337   0.148   0.485
-96.6100 39.1100     568   0.350   0.133   0.483
-96.6100 39.1100     569   0.462   0.178   0.640
-96.6100 39.1100     570   0.292   0.099   0.391
-96.6100 39.1100     571   0.331   0.109   0.440
-96.6100 39.1100     572   0.355   0.142   0.497
-96.6100 39.1100     573   0.323   0.121   0.444
-96.6100 39.1100     574   0.343   0.140   0.483
-96.6100 39.1100     575   0.322   0.133   0.455
-96.6100 39.1100     576   0.484   0.162   0.646
-96.6100 39.1100     577   0.331   0.126   0.457
-96.6100 39.1100     578   0.445   0.128   0.573
-96.6100 39.1100     579   0.360   0.104   0.463
-96.6100 39.1100     580   0.349   0.112   0.461
-96.6100 39.1100     581   0.394   0.127   0.521
-96.6100 39.1100     582   0.334   0.129   0.463
-96.6100 39.1100     583   0.316   0.085   0.401
-96.6100 39.1100     584   0.329   0.098   0.427
-96.6100 39.1100     585   0.468   0.125   0.593
-96.6100 39.1100     586   0.305   0.103   0.408
-96.6100 39.1100     587   0.318   0.113   0.431
-96.6100 39.1100     588   0.366   0.119   0.485
-96.6100 39.1100     589   0.377   0.147   0.524
-96.6100 39.1100     590   0.418   0.114   0.532
-96.6100 39.1100     591   0.371   0.131   0.502
-96.6100 39.1100     592   0.378   0.144   0.521
-96.6100 39.1100     593   0.303   0.141   0.444
-96.6100 39.1100     594   0.399   0.135   0.534
-96.6100 39.1100     595   0.346   0.128   0.475
-96.6100 39.1100     596   0.295   0.114   0.409
-96.6100 39.1100     597   0.366   0.137   0.503
-96.6100 39.1100     598   0.343   0.137   0.480
-96.6100 39.1100     599   0.332   0.135   0.467
-96.6100 39.1100     600   0.450   0.145   0.596
-96.6100 39.1100     601   0.299   0.134   0.433
-96.6100 39.1100     602   0.334   0.162   0.497
-96.6100 39.1100     603   0.304   0.119   0.424
-96.6100 39.1100     604   0.351   0.118   0.468
-96.6100 39.1100     605   0.324   0.156   0.479
-96.6100 39.1100     606   0.326   0.157   0.483
-96.6100 39.1100     607   0.328   0.176   0.504
-96.6100 39.1100     608   0.389   0.160   0.549
-96.6100 39.1100     609   0.426   0.168   0.595
-96.6100 39.1100     610   0.383   0.115   0.498
-96.6100 39.1100     611   0.324   0.151   0.475
-96.6100 39.1100     612   0.313   0.129   0.441
-96.6100 39.1100     613   0.290   0.147   0.437
-96.6100 39.1100     614   0.298   0.169   0.467
-96.6100 39.1100     615   0.377   0.135   0.512
-96.6100 39.1100     616   0.412   0.190   0.602
-96.6100 39.1100     617   0.327   0.136   0.463
-96.6100 39.1100     618   0.363   0.117   0.480
-96.6100 39.1100     619   0.300   0.108   0.408
-96.6100 39.1100     620   0.315   0.107   0.422
-96.6100 39.1100     621   0.319   0.115   0.434
-96.6100 39.1100     622   0.335   0.139   0.474
-96.6100 39.1100     623   0.405   0.130   0.535
-96.6100 39.1100     624   0.255   0.082   0.337
-96.6100 39.1100     625   0.358   0.105   0.463
-96.6100 39.1100     626   0.398   0.155   0.553
-96.6100 39.1100     627   0.360   0.136   0.495
-96.6100 39.1100     628   0.429   0.134   0.563
-96.6100 39.1100     629   0.356   0.155   0.511
-96.6100 39.1100     630   0.422   0.151   0.572
-96.6100 39.1100     631   0.337   0.106   0.442
-96.6100 39.1100     632   0.353   0.114   0.468
-96.6100 39.1100     633   0.319   0.124   0.444
-96.6100 39.1100     634   0.466   0.149   0.615
-96.6100 39.1100     635   0.452   0.136   0.588
-96.6100 39.1100     636   0.484   0.202   0.686
-96.6100 39.1100     637   0.347   0.114   0.460
-96.6100 39.1100     638   0.352   0.120   0.472
-96.6100 39.1100     639   0.374   0.129   0.503
-96.6100 39.1100     640   0.323   0.146   0.469
-96.6100 39.1100     641   0.325   0.129   0.454
-96.6100 39.1100     642   0.367   0.168   0.535
-96.6100 39.1100     643   0.338   0.145   0.483
-96.6100 39.1100     644   0.357   0.167   0.524
-96.6100 39.1100     645   0.326   0.102   0.427
-96.6100 39.1100     646   0.344   0.138   0.482
-96.6100 39.1100     647   0.293   0.123   0.416
-96.6100 39.1100     648   0.296   0.139   0.435
-96.6100 39.1100     649   0.235   0.109   0.345
-96.6100 39.1100     650   0.427   0.141   0.568
-96.6100 39.1100     651   0.410   0.117   0.527
-96.6100 39.1100     652   0.275   0.110   0.385
-96.6100 39.1100     653   0.378   0.168   0.546
-96.6100 39.1100     654   0.401   0.189   0.590
-96.6100 39.1100     655   0.470   0.155   0.625
-96.6100 39.1100     656   0.336   0.107   0.443
-96.6100 39.1100     657   0.346   0.111   0.457
-96.6100 39.1100     658   0.328   0.137   0.465
-96.6100 39.1100     659   0.331   0.128   0.459
-96.6100 39.1100     660   0.344   0.153   0.496
-96.6100 39.1100     661   0.370   0.130   0.500
-96.6100 39.1100     662   0.332   0.113   0.444
-96.6100 39.1100     663   0.286   0.111   0.397
-96.6100 39.1100     664   0.345   0.121   0.467
-96.6100 39.1100     665   0.394   0.123   0.517
-96.6100 39.1100     666   0.370   0.180   0.550
-96.6100 39.1100     667   0.453   0.167   0.620
-96.6100 39.1100     668   0.330   0.114   0.444
-96.6100 39.1100     669   0.362   0.130   0.492
-96.6100 39.1100     670   0.395   0.162   0.557
-96.6100 39.1100     671   0.263   0.118   0.381
-96.6100 39.1100     672   0.343   0.153   0.497
-96.6100 39.1100     673   0.342   0.178   0.520
-96.6100 39.1100     674   0.405   0.137   0.542
-96.6100 39.1100     675   0.345   0.135   0.480
-96.6100 39.1100     676   0.310   0.101   0.411
-96.6100 39.1100     677   0.414   0.126   0.540
-96.6100 39.1100     678   0.438   0.116   0.554
-96.6100 39.1100     679   0.363   0.139   0.501
-96.6100 39.1100     680   0.476   0.140   0.615
-96.6100 39.1100     681   0.452   0.131   0.583
-96.6100 39.1100     682   0.327   0.095   0.422
-96.6100 39.1100     683   0.356   0.097   0.453
-96.6100 39.1100     684   0.485   0.160   0.645
-96.6100 39.1100     685   0.343   0.130   0.473
-96.6100 39.1100     686   0.311   0.106   0.418
-96.6100 39.1100     687   0.359   0.130   0.488
-96.6100 39.1100     688   0.339   0.121   0.460
-96.6100 39.1100     689   0.341   0.123   0.464
-96.6100 39.1100     690   0.335   0.090   0.425
-96.6100 39.1100     691   0.295   0.084   0.379
-96.6100 39.1100     692   0.373   0.098   0.471
-96.6100 39.1100     693   0.309   0.113   0.421
-96.6100 39.1100     694   0.366   0.140   0.506
-96.6100 39.1100     695   0.297   0.116   0.412
-96.6100 39.1100     696   0.361   0.128   0.488
-96.6100 39.1100     697   0.349   0.104   0.453
-96.6100 39.1100     698   0.334   0.111   0.444
-96.6100 39.1100     699   0.389   0.143   0.532
-96.6100 39.1100     700   0.299   0.114   0.413
-96.6100 39.1100     701   0.334   0.117   0.450
-96.6100 39.1100     702   0.271   0.106   0.377
-96.6100 39.1100     703   0.413   0.125   0.539
-96.6100 39.1100     704   0.282   0.094   0.376
-96.6100 39.1100     705   0.374   0.117   0.491
-96.6100 39.1100     706   0.403   0.124   0.527
-96.6100 39.1100     707   0.292   0.096   0.388
-96.6100 39.1100     708   0.422   0.130   0.552
-96.6100 39.1100     709   0.495   0.152   0.646
-96.6100 39.1100     710   0.339   0.127   0.466
-96.6100 39.1100     711   0.394   0.142   0.536
-96.6100 39.1100     712   0.342   0.115   0.457
-96.6100 39.1100     713   0.401   0.133   0.534
-96.6100 39.1100     714   0.367   0.124   0.491
-96.6100 39.1100     715   0.333   0.124   0.457
-96.6100 39.1100     716   0.357   0.114   0.471
-96.6100 39.1100     717   0.355   0.113   0.468
-96.6100 39.1100     718   0.326   0.104   0.429
-96.6100 39.1100     719   0.332   0.116   0.448
-96.6100 39.1100     720   0.434   0.147   0.581
-96.6100 39.1100     721   0.345   0.127   0.472
-96.6100 39.1100     722   0.405   0.124   0.528
-96.6100 39.1100     723   0.437   0.090   0.527
-96.6100 39.1100     724   0.302   0.094   0.397
-96.6100 39.1100     725   0.414   0.108   0.521
-96.6100 39.1100     726   0.381   0.106   0.487
-96.6100 39.1100     727   0.292   0.102   0.394
-96.6100 39.1100     728   0.493   0.129   0.622
-96.6100 39.1100     729   0.359   0.102   0.462
-96.6100 39.1100     730   0.389   0.100   0.488
-96.6100 39.1100     731   0.446   0.111   0.557
-96.6100 39.1100     732   0.432   0.126   0.557
-96.6100 39.1100     733   0.489   0.106   0.595
-96.6100 39.1100     734   0.364   0.094   0.457
-96.6100 39.1100     735   0.425   0.116   0.540
-96.6100 39.1100     736   0.379   0.107   0.487
-96.6100 39.1100     737   0.405   0.101   0.506
-96.6100 39.1100     738   0.407   0.112   0.519
-96.6100 39.1100     739   0.269   0.056   0.325
-96.6100 39.1100     740   0.455   0.110   0.564
-96.6100 39.1100     741   0.493   0.089   0.582
-96.6100 39.1100     742   0.392   0.099   0.491
-96.6100 39.1100     743   0.376   0.096   0.473
-96.6100 39.1100     744   0.336   0.099   0.435
-96.6100 39.1100     745   0.316   0.085   0.401
-96.6100 39.1100     746   0.430   0.106   0.536
-96.6100 39.1100     747   0.619   0.137   0.756
-96.6100 39.1100     748   0.324   0.091   0.415
-96.6100 39.1100     749   0.397   0.070   0.467
-96.6100 39.1100     750   0.434   0.109   0.542
-96.6100 39.1100     751   0.350   0.085   0.435
-96.6100 39.1100     752   0.349   0.084   0.433
-96.6100 39.1100     753   0.364   0.083   0.447
-96.6100 39.1100     754   0.346   0.087   0.433
-96.6100 39.1100     755   0.313   0.096   0.408
-96.6100 39.1100     756   0.390   0.076   0.467
-96.6100 39.1100     757   0.498   0.105   0.603
-96.6100 39.1100     758   0.387   0.117   0.504
-96.6100 39.1100     759   0.442   0.083   0.525
-96.6100 39.1100     760   0.458   0.106   0.564
-96.6100 39.1100     761   0.334   0.084   0.418
-96.6100 39.1100     762   0.333   0.072   0.405
-96.6100 39.1100     763   0.399   0.101   0.500
-96.6100 39.1100     764   0.385   0.098   0.484
-96.6100 39.1100     765   0.360   0.089   0.449
-96.6100 39.1100     766   0.452   0.114   0.566
-96.6100 39.1100     767   0.336   0.072   0.408
-96.6100 39.1100     768   0.404   0.082   0.486
-96.6100 39.1100     769   0.316   0.067   0.383
-96.6100 39.1100     770   0.497   0.073   0.570
-96.6100 39.1100     771   0.430   0.080   0.509
-96.6100 39.1100     772   0.606   0.091   0.697
-96.6100 39.1100     773   0.382   0.091   0.473
-96.6100 39.1100     774   0.460   0.078   0.538
-96.6100 39.1100     775   0.598   0.127   0.724
-96.6100 39.1100     776   0.307   0.063   0.370
-96.6100 39.1100     777   0.431   0.076   0.507
-96.6100 39.1100     778   0.403   0.079   0.483
-96.6100 39.1100     779   0.435   0.102   0.537
-96.6100 39.1100     780   0.413   0.095   0.507
-96.6100 39.1100     781   0.427   0.105   0.532
-96.6100 39.1100     782   0.453   0.120   0.573
-96.6100 39.1100     783   0.395   0.086   0.482
-96.6100 39.1100     784   0.365   0.082   0.447
-96.6100 39.1100     785   0.428   0.099   0.526
-96.6100 39.1100     786   0.423   0.102   0.525
-96.6100 39.1100     787   0.404   0.111   0.515
-96.6100 39.1100     788   0.448   0.093   0.541
-96.6100 39.1100     789   0.367   0.082   0.449
-96.6100 39.1100     790   0.407   0.092   0.499
-96.6100 39.1100     791   0.413   0.086   0.499
-96.6100 39.1100     792   0.400   0.078   0.478
-96.6100 39.1100     793   0.489   0.107   0.596
-96.6100 39.1100     794   0.339   0.085   0.424
-96.6100 39.1100     795   0.425   0.086   0.512
-96.6100 39.1100     796   0.417   0.081   0.498
-96.6100 39.1100     797   0.447   0.092   0.539
-96.6100 39.1100     798   0.416   0.082   0.498
-96.6100 39.1100     799   0.392   0.082   0.474
-96.6100 39.1100     800   0.362   0.089   0.451
-96.6100 39.1100     801   0.557   0.109   0.666
-96.6100 39.1100     802   0.416   0.113   0.529
-96.6100 39.1100     803   0.414   0.071   0.486
-96.6100 39.1100     804   0.485   0.111   0.596
-96.6100 39.1100     805   0.420   0.089   0.509
-96.6100 39.1100     806   0.396   0.085   0.480
-96.6100 39.1100     807   0.400   0.092   0.491
-96.6100 39.1100     808   0.297   0.070   0.367
-96.6100 39.1100     809   0.417   0.089   0.507
-96.6100 39.1100     810   0.508   0.105   0.613
-96.6100 39.1100     811   0.367   0.094   0.462
-96.6100 39.1100     812   0.363   0.100   0.463
-96.6100 39.1100     813   0.464   0.101   0.565
-96.6100 39.1100     814   0.404   0.117   0.521
-96.6100 39.1100     815   0.388   0.108   0.496
-96.6100 39.1100     816   0.396   0.102   0.498
-96.6100 39.1100     817   0.311   0.080   0.392
-96.6100 39.1100     818   0.407   0.098   0.505
-96.6100 39.1100     819   0.350   0.080   0.429
-96.6100 39.1100     820   0.376   0.078   0.454
-96.6100 39.1100     821   0.318   0.079   0.397
-96.6100 39.1100     822   0.416   0.091   0.507
-96.6100 39.1100     823   0.414   0.095   0.509
-96.6100 39.1100     824   0.456   0.085   0.541
-96.6100 39.1100     825   0.344   0.067   0.411
-96.6100 39.1100     826   0.319   0.081   0.400
-96.6100 39.1100     827   0.328   0.078   0.406
-96.6100 39.1100     828   0.362   0.088   0.450
-96.6100 39.1100     829   0.362   0.108   0.469
-96.6100 39.1100     830   0.355   0.104   0.459
-96.6100 39.1100     831   0.410   0.112   0.522
-96.6100 39.1100     832   0.375   0.120   0.495
-96.6100 39.1100     833   0.304   0.089   0.393
-96.6100 39.1100     834   0.368   0.115   0.482
-96.6100 39.1100     835   0.278   0.078   0.356
-96.6100 39.1100     836   0.379   0.114   0.494
-96.6100 39.1100     837   0.367   0.107   0.474
-96.6100 39.1100     838   0.351   0.098   0.450
-96.6100 39.1100     839   0.291   0.080   0.371
-96.6100 39.1100     840   0.381   0.124   0.505
-96.6100 39.1100     841   0.335   0.119   0.454
-96.6100 39.1100     842   0.390   0.131   0.521
-96.6100 39.1100     843   0.498   0.129   0.627
-96.6100 39.1100     844   0.477   0.118   0.595
-96.6100 39.1100     845   0.659   0.181   0.840
-96.6100 39.1100     846   0.291   0.109   0.400
-96.6100 39.1100     847   0.321   0.121   0.442
-96.6100 39.1100     848   0.368   0.144   0.512
-96.6100 39.1100     849   0.498   0.129   0.627
-96.6100 39.1100     850   0.352   0.099   0.451
-96.6100 39.1100     851   0.421   0.123   0.544
-96.6100 39.1100     852   0.366   0.111   0.477
-96.6100 39.1100     853   0.331   0.119   0.449
-96.6100 39.1100     854   0.367   0.106   0.473
-96.6100 39.1100     855   0.385   0.116   0.501
-96.6100 39.1100     856   0.307   0.082   0.389
-96.6100 39.1100     857   0.252   0.071   0.323
-96.6100 39.1100     858   0.445   0.125   0.570
-96.6100 39.1100     859   0.562   0.113   0.675
-96.6100 39.1100     860   0.369   0.093   0.462
-96.6100 39.1100     861   0.343   0.094   0.437
-96.6100 39.1100     862   0.405   0.099   0.504
-96.6100 39.1100     863   0.351   0.088   0.439
-96.6100 39.1100     864   0.408   0.104   0.512
-96.6100 39.1100     865   0.383   0.099   0.482
-96.6100 39.1100     866   0.472   0.101   0.573
-96.6100 39.1100     867   0.367   0.094   0.461
-96.6100 39.1100     868   0.384   0.080   0.464
-96.6100 39.1100     869   0.410   0.113   0.523
-96.6100 39.1100     870   0.353   0.124   0.476
-96.6100 39.1100     871   0.305   0.131   0.436
-96.6100 39.1100     872   0.380   0.102   0.481
-96.6100 39.1100     873   0.433   0.125   0.558
-96.6100 39.1100     874   0.336   0.105   0.442
-96.6100 39.1100     875   0.428   0.115   0.543
-96.6100 39.1100     876   0.323   0.133   0.455
-96.6100 39.1100     877   0.447   0.131   0.579
-96.6100 39.1100     878   0.337   0.108   0.444
-96.6100 39.1100     879   0.315   0.112   0.427
-96.6100 39.1100     880   0.310   0.129   0.439
-96.6100 39.1100     881   0.290   0.130   0.419
-96.6100 39.1100     882   0.328   0.139   0.466
-96.6100 39.1100     883   0.402   0.102   0.503
-96.6100 39.1100     884   0.312   0.096   0.408
-96.6100 39.1100     885   0.328   0.114   0.442
-96.6100 39.1100     886   0.375   0.147   0.522
-96.6100 39.1100     887   0.336   0.159   0.495
-96.6100 39.1100     888   0.438   0.143   0.581
-96.6100 39.1100     889   0.365   0.136   0.501
-96.6100 39.1100     890   0.344   0.141   0.485
-96.6100 39.1100     891   0.378   0.138   0.517
-96.6100 39.1100     892   0.326   0.142   0.468
-96.6100 39.1100     893   0.406   0.141   0.547
-96.6100 39.1100     894   0.391   0.131   0.522
-96.6100 39.1100     895   0.331   0.109   0.440
-96.6100 39.1100     896   0.317   0.112   0.429
-96.6100 39.1100     897   0.339   0.145   0.483
-96.6100 39.1100     898   0.341   0.148   0.489
-96.6100 39.1100     899   0.415   0.198   0.612
-96.6100 39.1100     900   0.355   0.120   0.475
-96.6100 39.1100     901   0.319   0.125   0.444
-96.6100 39.1100     902   0.327   0.152   0.479
-96.6100 39.1100     903   0.435   0.160   0.595
-96.6100 39.1100     904   0.431   0.161   0.592
-96.6100 39.1100     905   0.341   0.165   0.506
-96.6100 39.1100     906   0.355   0.150   0.504
-96.6100 39.1100     907   0.415   0.145   0.560
-96.6100 39.1100     908   0.286   0.111   0.396
-96.6100 39.1100     909   0.415   0.182   0.597
-96.6100 39.1100     910   0.260   0.105   0.365
-96.6100 39.1100     911   0.352   0.136   0.488
-96.6100 39.1100     912   0.370   0.127   0.498
-96.6100 39.1100     913   0.332   0.120   0.452
-96.6100 39.1100     914   0.322   0.144   0.466
-96.6100 39.1100     915   0.293   0.121   0.414
-96.6100 39.1100     916   0.338   0.116   0.454
-96.6100 39.1100     917   0.439   0.189   0.628
-96.6100 39.1100     918   0.450   0.139   0.589
-96.6100 39.1100     919   0.404   0.107   0.510
-96.6100 39.1100     920   0.525   0.155   0.680
-96.6100 39.1100     921   0.349   0.147   0.495
-96.6100 39.1100     922   0.479   0.143   0.622
-96.6100 39.1100     923   0.369   0.164   0.533
-96.6100 39.1100     924   0.383   0.165   0.549
-96.6100 39.1100     925   0.301   0.125   0.425
-96.6100 39.1100     926   0.324   0.134   0.458
-96.6100 39.1100     927   0.342   0.150   0.492
-96.6100 39.1100     928   0.392   0.132   0.524
-96.6100 39.1100     929   0.274   0.107   0.381
-96.6100 39.1100     930   0.373   0.129   0.501
-96.6100 39.1100     931   0.391   0.140   0.531
-96.6100 39.1100     932   0.487   0.142   0.629
-96.6100 39.1100     933   0.327   0.122   0.449
-96.6100 39.1100     934   0.368   0.153   0.521
-96.6100 39.1100     935   0.329   0.145   0.474
-96.6100 39.1100     936   0.360   0.110   0.470
-96.6100 39.1100     937   0.355   0.123   0.477
-96.6100 39.1100     938   0.325   0.115   0.440
-96.6100 39.1100     939   0.506   0.161   0.667
-96.6100 39.1100     940   0.350   0.135   0.484
-96.6100 39.1100     941   0.355   0.091   0.447
-96.6100 39.1100     942   0.455   0.106   0.561
-96.6100 39.1100     943   0.393   0.110   0.503
-96.6100 39.1100     944   0.435   0.135   0.570
-96.6100 39.1100     945   0.416   0.124   0.540
-96.6100 39.1100     946   0.452   0.112   0.564
-96.6100 39.1100     947   0.451   0.121   0.572
-96.6100 39.1100     948   0.378   0.107   0.485
-96.6100 39.1100     949   0.372   0.103   0.475
-96.6100 39.1100     950   0.360   0.114   0.474
-96.6100 39.1100     951   0.321   0.099   0.420
-96.6100 39.1100     952   0.316   0.095   0.411
-96.6100 39.1100     953   0.355   0.128   0.483
-96.6100 39.1100     954   0.463   0.119   0.583
-96.6100 39.1100     955   0.465   0.112   0.577
-96.6100 39.1100     956   0.276   0.078   0.354
-96.6100 39.1100     957   0.498   0.112   0.609
-96.6100 39.1100     958   0.311   0.099   0.410
-96.6100 39.1100     959   0.376   0.120   0.496
-96.6100 39.1100     960   0.247   0.107   0.355
-96.6100 39.1100     961   0.391   0.105   0.495
-96.6100 39.1100     962   0.343   0.130   0.473
-96.6100 39.1100     963   0.345   0.086   0.431
-96.6100 39.1100     964   0.311   0.083   0.395
-96.6100 39.1100     965   0.387   0.103   0.491
-96.6100 39.1100     966   0.324   0.086   0.409
-96.6100 39.1100     967   0.439   0.134   0.573
-96.6100 39.1100     968   0.344   0.106   0.450
-96.6100 39.1100     969   0.374   0.118   0.492
-96.6100 39.1100     970   0.349   0.098   0.447
-96.6100 39.1100     971   0.339   0.121   0.460
-96.6100 39.1100     972   0.421   0.100   0.521
-96.6100 39.1100     973   0.381   0.117   0.498
-96.6100 39.1100     974   0.385   0.126   0.512
-96.6100 39.1100     975   0.328   0.083   0.411
-96.6100 39.1100     976   0.504   0.124   0.628
-96.6100 39.1100     977   0.291   0.080   0.370
-96.6100 39.1100     978   0.395   0.115   0.511
-96.6100 39.1100     979   0.384   0.101   0.485
-96.6100 39.1100     980   0.417   0.096   0.513
-96.6100 39.1100     981   0.300   0.094   0.393
-96.6100 39.1100     982   0.401   0.114   0.515
-96.6100 39.1100     983   0.382   0.120   0.502
-96.6100 39.1100     984   0.307   0.097   0.404
-96.6100 39.1100     985   0.355   0.100   0.455
-96.6100 39.1100     986   0.364   0.114   0.479
-96.6100 39.1100     987   0.386   0.095   0.481
-96.6100 39.1100     988   0.402   0.095   0.498
-96.6100 39.1100     989   0.395   0.075   0.469
-96.6100 39.1100     990   0.337   0.101   0.438
-96.6100 39.1100     991   0.413   0.106   0.518
-96.6100 39.1100     992   0.425   0.097   0.521
-96.6100 39.1100     993   0.392   0.123   0.514
-96.6100 39.1100     994   0.474   0.113   0.587
-96.6100 39.1100     995   0.512   0.095   0.606
-96.6100 39.1100     996   0.340   0.091   0.430
-96.6100 39.1100     997   0.396   0.111   0.508
-96.6100 39.1100     998   0.384   0.118   0.502
-96.6100 39.1100     999   0.310   0.098   0.408
-96.6100 39.1100    1000   0.374   0.076   0.450
-96.6100 39.1100    1001   0.446   0.090   0.536
-96.6100 39.1100    1002   0.462   0.102   0.564
-96.6100 39.1100    1003   0.432   0.134   0.567
-96.6100 39.1100    1004   0.380   0.110   0.491
-96.6100 39.1100    1005   0.286   0.081   0.367
-96.6100 39.1100    1006   0.433   0.109   0.542
-96.6100 39.1100    1007   0.251   0.089   0.340
-96.6100 39.1100    1008   0.446   0.113   0.559
-96.6100 39.1100    1009   0.342   0.094   0.436
-96.6100 39.1100    1010   0.410   0.099   0.509
-96.6100 39.1100    1011   0.350   0.084   0.433
-96.6100 39.1100    1012   0.323   0.091   0.413
-96.6100 39.1100    1013   0.496   0.118   0.613
-96.6100 39.1100    1014   0.358   0.106   0.464
-96.6100 39.1100    1015   0.370   0.130   0.499
-96.6100 39.1100    1016   0.350   0.118   0.468
-96.6100 39.1100    1017   0.507   0.101   0.608
-96.6100 39.1100    1018   0.364   0.090   0.454
-96.6100 39.1100    1019   0.421   0.119   0.540
-96.6100 39.1100    1020   0.372   0.113   0.485
-96.6100 39.1100    1021   0.509   0.113   0.622
-96.6100 39.1100    1022   0.346   0.100   0.446
-96.6100 39.1100    1023   0.419   0.132   0.552
-96.6100 39.1100    1024   0.355   0.090   0.446
-96.6100 39.1100    1025   0.380   0.102   0.482
-96.6100 39.1100    1026   0.425   0.121   0.545
-96.6100 39.1100    1027   0.375   0.132   0.507
-96.6100 39.1100    1028   0.379   0.092   0.471
-96.6100 39.1100    1029   0.353   0.115   0.467
-96.6100 39.1100    1030   0.387   0.125   0.512
-96.6100 39.1100    1031   0.357   0.103   0.460
-96.6100 39.1100    1032   0.361   0.087   0.448
-96.6100 39.1100    1033   0.414   0.101   0.515
-96.6100 39.1100    1034   0.356   0.093   0.448
-96.6100 39.1100    1035   0.495   0.121   0.617
-96.6100 39.1100    1036   0.585   0.151   0.736
-96.6100 39.1100    1037   0.450   0.147   0.597
-96.6100 39.1100    1038   0.420   0.144   0.564
-96.6100 39.1100    1039   0.381   0.125   0.507
-96.6100 39.1100    1040   0.354   0.132   0.486
-96.6100 39.1100    1041   0.355   0.119   0.474
-96.6100 39.1100    1042   0.339   0.101   0.440
-96.6100 39.1100    1043   0.441   0.110   0.551
-96.6100 39.1100    1044   0.395   0.109   0.504
-96.6100 39.1100    1045   0.370   0.102   0.471
-96.6100 39.1100    1046   0.470   0.106   0.576
-96.6100 39.1100    1047   0.265   0.095   0.360
-96.6100 39.1100    1048   0.417   0.110   0.527
-96.6100 39.1100    1049   0.354   0.099   0.453
-96.6100 39.1100    1050   0.389   0.125   0.514
-96.6100 39.1100    1051   0.346   0.094   0.440
-96.6100 39.1100    1052   0.304   0.104   0.407
-96.6100 39.1100    1053   0.445   0.102   0.547
-96.6100 39.1100    1054   0.422   0.113   0.535
-96.6100 39.1100    1055   0.340   0.089   0.429
-96.6100 39.1100    1056   0.473   0.100   0.573
-96.6100 39.1100    1057   0.483   0.097   0.579
-96.6100 39.1100    1058   0.439   0.080   0.520
-96.6100 39.1100    1059   0.347   0.064   0.412
-96.6100 39.1100    1060   0.480   0.104   0.585
-96.6100 39.1100    1061   0.631   0.105   0.736
-96.6100 39.1100    1062   0.387   0.077   0.464
-96.6100 39.1100    1063   0.343   0.072   0.415
-96.6100 39.1100    1064   0.260   0.068   0.328
-96.6100 39.1100    1065   0.448   0.101   0.549
-96.6100 39.1100    1066   0.330   0.074   0.404
-96.6100 39.1100    1067   0.450   0.106   0.555
-96.6100 39.1100    1068   0.353   0.075   0.428
-96.6100 39.1100    1069   0.355   0.087   0.442
-96.6100 39.1100    1070   0.481   0.115   0.596
-96.6100 39.1100    1071   0.311   0.074   0.385
-96.6100 39.1100    1072   0.413   0.095   0.508
-96.6100 39.1100    1073   0.399   0.104   0.503
-96.6100 39.1100    1074   0.376   0.107   0.482
-96.6100 39.1100    1075   0.362   0.103   0.465
-96.6100 39.1100    1076   0.301   0.077   0.378
-96.6100 39.1100    1077   0.369   0.094   0.463
-96.6100 39.1100    1078   0.382   0.114   0.496
-96.6100 39.1100    1079   0.380   0.093   0.473
-96.6100 39.1100    1080   0.382   0.111   0.492
-96.6100 39.1100    1081   0.393   0.086   0.479
-96.6100 39.1100    1082   0.341   0.076   0.417
-96.6100 39.1100    1083   0.465   0.075   0.541
-96.6100 39.1100    1084   0.533   0.087   0.620
-96.6100 39.1100    1085   0.331   0.082   0.413
-96.6100 39.1100    1086   0.427   0.096   0.523
-96.6100 39.1100    1087   0.468   0.064   0.532
-96.6100 39.1100    1088   0.409   0.073   0.483
-96.6100 39.1100    1089   0.366   0.069   0.434
-96.6100 39.1100    1090   0.425   0.081   0.506
-96.6100 39.1100    1091   0.525   0.085   0.610
-96.6100 39.1100    1092   0.472   0.093   0.564
-96.6100 39.1100    1093   0.458   0.087   0.545
-96.6100 39.1100    1094   0.423   0.064   0.487
-96.6100 39.1100    1095   0.458   0.098   0.556
-96.6100 39.1100    1096   0.471   0.127   0.598
-96.6100 39.1100    1097   0.383   0.093   0.476
-96.6100 39.1100    1098   0.400   0.106   0.506
-96.6100 39.1100    1099   0.381   0.105   0.487
-96.6100 39.1100    1100   0.336   0.084   0.420
-96.6100 39.1100    1101   0.553   0.099   0.652
-96.6100 39.1100    1102   0.336   0.074   0.410
-96.6100 39.1100    1103   0.334   0.074   0.408
-96.6100 39.1100    1104   0.373   0.087   0.460
-96.6100 39.1100    1105   0.363   0.083   0.446
-96.6100 39.1100    1106   0.347   0.067   0.414
-96.6100 39.1100    1107   0.386   0.057   0.443
-96.6100 39.1100    1108   0.406   0.072   0.479
-96.6100 39.1100    1109   0.504   0.068   0.572
-96.6100 39.1100    1110   0.433   0.076   0.509
-96.6100 39.1100    1111   0.371   0.081   0.452
-96.6100 39.1100    1112   0.352   0.081   0.433
-96.6100 39.1100    1113   0.454   0.080   0.534
-96.6100 39.1100    1114   0.379   0.063   0.442
-96.6100 39.1100    1115   0.403   0.086   0.489
-96.6100 39.1100    1116   0.420   0.098   0.518
-96.6100 39.1100    1117   0.333   0.084   0.418
-96.6100 39.1100    1118   0.328   0.072   0.400
-96.6100 39.1100    1119   0.394   0.084   0.479
-96.6100 39.1100    1120   0.363   0.092   0.455
-96.6100 39.1100    1121   0.373   0.087   0.461
-96.6100 39.1100    1122   0.455   0.109   0.564
-96.6100 39.1100    1123   0.361   0.088   0.449
-96.6100 39.1100    1124   0.412   0.087   0.499
-96.6100 39.1100    1125   0.415   0.092   0.508
-96.6100 39.1100    1126   0.397   0.083   0.479
-96.6100 39.1100    1127   0.448   0.097   0.545
-96.6100 39.1100    1128   0.398   0.091   0.490
-96.6100 39.1100    1129   0.404   0.098   0.502
-96.6100 39.1100    1130   0.507   0.130   0.637
-96.6100 39.1100    1131   0.450   0.079   0.529
-96.6100 39.1100    1132   0.516   0.092   0.608
-96.6100 39.1100    1133   0.405   0.077   0.481
-96.6100 39.1100    1134   0.389   0.089   0.478
-96.6100 39.1100    1135   0.327   0.075   0.401
-96.6100 39.1100    1136   0.401   0.102   0.503
-96.6100 39.1100    1137   0.298   0.079   0.377
-96.6100 39.1100    1138   0.419   0.103   0.522
-96.6100 39.1100    1139   0.451   0.137   0.588
-96.6100 39.1100    1140   0.473   0.099   0.572
-96.6100 39.1100    1141   0.603   0.128   0.731
-96.6100 39.1100    1142   0.305   0.104   0.410
-96.6100 39.1100    1143   0.401   0.116   0.517
-96.6100 39.1100    1144   0.412   0.110   0.522
-96.6100 39.1100    1145   0.404   0.119   0.523
-96.6100 39.1100    1146   0.368   0.110   0.478
-96.6100 39.1100    1147   0.276   0.104   0.380
-96.6100 39.1100    1148   0.379   0.122   0.501
-96.6100 39.1100    1149   0.352   0.114   0.466
-96.6100 39.1100    1150   0.395   0.131   0.526
-96.6100 39.1100    1151   0.401   0.114   0.516
-96.6100 39.1100    1152   0.382   0.083   0.466
