     Lon     Lat    Year     Veg    Soil    Fire     Est       NEE
-96.6100 39.1100       0   0.000   0.000   0.000   0.000   0.00000
-96.6100 39.1100       1   0.000   0.000   0.000  -0.454  -0.45443
-96.6100 39.1100       2  -0.510   0.000   0.002   0.000  -0.50837
-96.6100 39.1100       3  -0.304   0.093   0.007   0.000  -0.20408
-96.6100 39.1100       4  -0.542   0.173   0.005   0.000  -0.36383
-96.6100 39.1100       5  -0.409   0.220   0.005  -0.008  -0.19158
-96.6100 39.1100       6  -0.665   0.254   0.009   0.000  -0.40190
-96.6100 39.1100       7  -0.358   0.246   0.007   0.000  -0.10419
-96.6100 39.1100       8  -0.437   0.308   0.007  -0.004  -0.12646
-96.6100 39.1100       9  -0.377   0.299   0.007   0.000  -0.07168
-96.6100 39.1100      10  -0.445   0.345   0.008   0.000  -0.09099
-96.6100 39.1100      11  -0.376   0.332   0.008   0.000  -0.03530
-96.6100 39.1100      12  -0.512   0.355   0.006  -0.016  -0.16718
-96.6100 39.1100      13  -0.595   0.320   0.009  -0.002  -0.26758
-96.6100 39.1100      14  -0.658   0.355   0.012   0.000  -0.29106
-96.6100 39.1100      15  -0.510   0.376   0.009  -0.010  -0.13433
-96.6100 39.1100      16  -0.361   0.401   0.011  -0.005   0.04604
-96.6100 39.1100      17  -0.481   0.453   0.006  -0.006  -0.02789
-96.6100 39.1100      18  -0.638   0.397   0.009  -0.022  -0.25327
-96.6100 39.1100      19  -0.658   0.429   0.009   0.000  -0.21966
-96.6100 39.1100      20  -0.438   0.412   0.009  -0.007  -0.02379
-96.6100 39.1100      21  -0.528   0.437   0.012  -0.004  -0.08295
-96.6100 39.1100      22  -0.566   0.416   0.012  -0.007  -0.14522
-96.6100 39.1100      23  -0.584   0.407   0.007  -0.006  -0.17499
-96.6100 39.1100      24  -0.529   0.442   0.010  -0.008  -0.08655
-96.6100 39.1100      25  -0.397   0.461   0.007   0.000   0.07200
-96.6100 39.1100      26  -0.476   0.460   0.009  -0.004  -0.01096
-96.6100 39.1100      27  -0.401   0.413   0.011  -0.002   0.01978
-96.6100 39.1100      28  -0.469   0.454   0.006  -0.006  -0.01478
-96.6100 39.1100      29  -0.539   0.472   0.008  -0.004  -0.06170
-96.6100 39.1100      30  -0.382   0.363   0.012  -0.003  -0.00917
-96.6100 39.1100      31  -0.415   0.421   0.009  -0.009   0.00656
-96.6100 39.1100      32  -0.372   0.387   0.008  -0.019   0.00426
-96.6100 39.1100      33  -0.571   0.468   0.006   0.000  -0.09728
-96.6100 39.1100      34  -0.527   0.380   0.006  -0.002  -0.14297
-96.6100 39.1100      35  -0.504   0.409   0.009   0.000  -0.08606
-96.6100 39.1100      36  -0.579   0.419   0.009  -0.007  -0.15690
-96.6100 39.1100      37  -0.496   0.407   0.010  -0.001  -0.08025
-96.6100 39.1100      38  -0.532   0.480   0.011  -0.006  -0.04693
-96.6100 39.1100      39  -0.473   0.443   0.007  -0.007  -0.02996
-96.6100 39.1100      40  -0.518   0.512   0.008  -0.003  -0.00109
-96.6100 39.1100      41  -0.501   0.492   0.006  -0.003  -0.00593
-96.6100 39.1100      42  -0.420   0.441   0.006  -0.001   0.02676
-96.6100 39.1100      43  -0.466   0.425   0.011  -0.019  -0.04925
-96.6100 39.1100      44  -0.624   0.460   0.006   0.000  -0.15694
-96.6100 39.1100      45  -0.312   0.434   0.007  -0.009   0.11987
-96.6100 39.1100      46  -0.555   0.422   0.007  -0.000  -0.12667
-96.6100 39.1100      47  -0.540   0.430   0.009   0.000  -0.09994
-96.6100 39.1100      48  -0.517   0.437   0.007  -0.003  -0.07564
-96.6100 39.1100      49  -0.598   0.476   0.012  -0.006  -0.11603
-96.6100 39.1100      50  -0.593   0.504   0.010   0.000  -0.07972
-96.6100 39.1100      51  -0.523   0.491   0.007  -0.012  -0.03655
-96.6100 39.1100      52  -0.506   0.494   0.010  -0.002  -0.00433
-96.6100 39.1100      53  -0.523   0.507   0.012  -0.019  -0.02237
-96.6100 39.1100      54  -0.639   0.551   0.010  -0.002  -0.07978
-96.6100 39.1100      55  -0.418   0.484   0.007  -0.033   0.04118
-96.6100 39.1100      56  -0.541   0.522   0.010  -0.001  -0.01095
-96.6100 39.1100      57  -0.444   0.507   0.007  -0.002   0.06798
-96.6100 39.1100      58  -0.497   0.485   0.013  -0.002   0.00025
-96.6100 39.1100      59  -0.561   0.488   0.007  -0.009  -0.07518
-96.6100 39.1100      60  -0.655   0.499   0.007  -0.009  -0.15744
-96.6100 39.1100      61  -0.408   0.491   0.007  -0.001   0.08919
-96.6100 39.1100      62  -0.378   0.451   0.009  -0.000   0.08249
-96.6100 39.1100      63  -0.554   0.415   0.007   0.000  -0.13264
-96.6100 39.1100      64  -0.585   0.436   0.012  -0.004  -0.14125
-96.6100 39.1100      65  -0.442   0.505   0.008  -0.002   0.06959
-96.6100 39.1100      66  -0.472   0.445   0.010  -0.005  -0.02288
-96.6100 39.1100      67  -0.456   0.540   0.009  -0.007   0.08591
-96.6100 39.1100      68  -0.421   0.482   0.008  -0.004   0.06519
-96.6100 39.1100      69  -0.381   0.476   0.006  -0.001   0.10005
-96.6100 39.1100      70  -0.487   0.466   0.008  -0.004  -0.01631
-96.6100 39.1100      71  -0.524   0.484   0.006   0.000  -0.03402
-96.6100 39.1100      72  -0.496   0.448   0.006  -0.009  -0.04988
-96.6100 39.1100      73  -0.620   0.397   0.007   0.000  -0.21600
-96.6100 39.1100      74  -0.684   0.457   0.007   0.000  -0.22018
-96.6100 39.1100      75  -0.494   0.504   0.010  -0.002   0.01840
-96.6100 39.1100      76  -0.502   0.539   0.010  -0.003   0.04473
-96.6100 39.1100      77  -0.542   0.483   0.008  -0.004  -0.05528
-96.6100 39.1100      78  -0.520   0.485   0.010  -0.017  -0.04208
-96.6100 39.1100      79  -0.548   0.507   0.013  -0.001  -0.02902
-96.6100 39.1100      80  -0.414   0.512   0.012  -0.010   0.10064
-96.6100 39.1100      81  -0.449   0.478   0.011  -0.009   0.03134
-96.6100 39.1100      82  -0.467   0.516   0.009  -0.008   0.05060
-96.6100 39.1100      83  -0.468   0.498   0.009  -0.006   0.03265
-96.6100 39.1100      84  -0.577   0.534   0.008  -0.005  -0.03927
-96.6100 39.1100      85  -0.441   0.475   0.007  -0.005   0.03598
-96.6100 39.1100      86  -0.429   0.480   0.011  -0.001   0.05985
-96.6100 39.1100      87  -0.439   0.485   0.009  -0.004   0.05096
-96.6100 39.1100      88  -0.432   0.486   0.006  -0.009   0.05168
-96.6100 39.1100      89  -0.505   0.436   0.006  -0.003  -0.06596
-96.6100 39.1100      90  -0.494   0.491   0.008   0.000   0.00568
-96.6100 39.1100      91  -0.470   0.477   0.009  -0.003   0.01245
-96.6100 39.1100      92  -0.491   0.476   0.008  -0.004  -0.01083
-96.6100 39.1100      93  -0.480   0.447   0.009  -0.002  -0.02609
-96.6100 39.1100      94  -0.534   0.504   0.009  -0.007  -0.02824
-96.6100 39.1100      95  -0.495   0.441   0.011  -0.008  -0.05013
-96.6100 39.1100      96  -0.388   0.443   0.007  -0.006   0.05652
-96.6100 39.1100      97  -0.438   0.510   0.008  -0.003   0.07717
-96.6100 39.1100      98  -0.627   0.514   0.006  -0.003  -0.10969
-96.6100 39.1100      99  -0.528   0.494   0.007  -0.002  -0.02974
-96.6100 39.1100     100  -0.428   0.448   0.007   0.000   0.02674
-96.6100 39.1100     101  -0.501   0.432   0.007   0.000  -0.06114
-96.6100 39.1100     102  -0.466   0.447   0.011  -0.003  -0.01064
-96.6100 39.1100     103  -0.444   0.493   0.009  -0.005   0.05330
-96.6100 39.1100     104  -0.402   0.510   0.009   0.000   0.11575
-96.6100 39.1100     105  -0.498   0.510   0.006  -0.006   0.01189
-96.6100 39.1100     106  -0.436   0.483   0.006  -0.003   0.05055
-96.6100 39.1100     107  -0.376   0.439   0.008  -0.018   0.05299
-96.6100 39.1100     108  -0.667   0.467   0.006  -0.000  -0.19368
-96.6100 39.1100     109  -0.452   0.399   0.010  -0.029  -0.07172
-96.6100 39.1100     110  -0.525   0.548   0.011   0.000   0.03402
-96.6100 39.1100     111  -0.451   0.490   0.009  -0.008   0.03990
-96.6100 39.1100     112  -0.406   0.472   0.007  -0.005   0.06825
-96.6100 39.1100     113  -0.362   0.477   0.008  -0.004   0.11933
-96.6100 39.1100     114  -0.435   0.465   0.008  -0.002   0.03603
-96.6100 39.1100     115  -0.473   0.411   0.012  -0.004  -0.05387
-96.6100 39.1100     116  -0.450   0.452   0.006  -0.009  -0.00114
-96.6100 39.1100     117  -0.395   0.449   0.012  -0.004   0.06120
-96.6100 39.1100     118  -0.495   0.423   0.011  -0.006  -0.06793
-96.6100 39.1100     119  -0.407   0.487   0.006  -0.012   0.07376
-96.6100 39.1100     120  -0.404   0.429   0.006  -0.005   0.02691
-96.6100 39.1100     121  -0.492   0.398   0.009  -0.000  -0.08583
-96.6100 39.1100     122  -0.461   0.456   0.009  -0.033  -0.02979
-96.6100 39.1100     123  -0.439   0.430   0.009  -0.001  -0.00148
-96.6100 39.1100     124  -0.520   0.482   0.011  -0.006  -0.03330
-96.6100 39.1100     125  -0.405   0.453   0.006  -0.007   0.04715
-96.6100 39.1100     126  -0.500   0.495   0.006  -0.003  -0.00160
-96.6100 39.1100     127  -0.510   0.475   0.015   0.000  -0.02046
-96.6100 39.1100     128  -0.499   0.469   0.009  -0.011  -0.03201
-96.6100 39.1100     129  -0.421   0.428   0.009  -0.009   0.00759
-96.6100 39.1100     130  -0.485   0.469   0.007  -0.002  -0.01140
-96.6100 39.1100     131  -0.494   0.522   0.006  -0.008   0.02685
-96.6100 39.1100     132  -0.521   0.471   0.009   0.000  -0.04175
-96.6100 39.1100     133  -0.426   0.443   0.009  -0.003   0.02359
-96.6100 39.1100     134  -0.348   0.424   0.007   0.000   0.08200
-96.6100 39.1100     135  -0.556   0.493   0.009  -0.005  -0.06033
-96.6100 39.1100     136  -0.479   0.440   0.007  -0.003  -0.03531
-96.6100 39.1100     137  -0.474   0.458   0.009  -0.002  -0.00899
-96.6100 39.1100     138  -0.406   0.441   0.007   0.000   0.04227
-96.6100 39.1100     139  -0.502   0.468   0.009  -0.004  -0.02935
-96.6100 39.1100     140  -0.513   0.491   0.006  -0.003  -0.01901
-96.6100 39.1100     141  -0.484   0.411   0.007  -0.007  -0.07275
-96.6100 39.1100     142  -0.509   0.479   0.007   0.000  -0.02333
-96.6100 39.1100     143  -0.508   0.490   0.007   0.000  -0.01074
-96.6100 39.1100     144  -0.493   0.466   0.007   0.000  -0.02038
-96.6100 39.1100     145  -0.465   0.485   0.006   0.000   0.02669
-96.6100 39.1100     146  -0.380   0.407   0.009  -0.000   0.03563
-96.6100 39.1100     147  -0.445   0.483   0.006  -0.002   0.04186
-96.6100 39.1100     148  -0.466   0.453   0.014  -0.007  -0.00467
-96.6100 39.1100     149  -0.516   0.449   0.013  -0.008  -0.06141
-96.6100 39.1100     150  -0.401   0.501   0.009  -0.011   0.09691
-96.6100 39.1100     151  -0.467   0.460   0.006  -0.007  -0.00847
-96.6100 39.1100     152  -0.436   0.478   0.010  -0.004   0.04834
-96.6100 39.1100     153  -0.580   0.445   0.009  -0.020  -0.14612
-96.6100 39.1100     154  -0.641   0.473   0.007  -0.004  -0.16450
-96.6100 39.1100     155  -0.415   0.445   0.007  -0.008   0.02932
-96.6100 39.1100     156  -0.361   0.469   0.011   0.000   0.11925
-96.6100 39.1100     157  -0.481   0.516   0.007  -0.004   0.03693
-96.6100 39.1100     158  -0.427   0.508   0.008  -0.006   0.08411
-96.6100 39.1100     159  -0.445   0.476   0.008   0.000   0.03937
-96.6100 39.1100     160  -0.466   0.431   0.006  -0.004  -0.03178
-96.6100 39.1100     161  -0.430   0.388   0.007  -0.004  -0.03997
-96.6100 39.1100     162  -0.560   0.401   0.007   0.000  -0.15171
-96.6100 39.1100     163  -0.469   0.448   0.007  -0.005  -0.01897
-96.6100 39.1100     164  -0.451   0.455   0.007   0.000   0.01183
-96.6100 39.1100     165  -0.484   0.450   0.016   0.000  -0.01910
-96.6100 39.1100     166  -0.402   0.460   0.009  -0.009   0.05772
-96.6100 39.1100     167  -0.462   0.461   0.009  -0.008  -0.00008
-96.6100 39.1100     168  -0.492   0.474   0.007  -0.010  -0.02094
-96.6100 39.1100     169  -0.631   0.480   0.009  -0.002  -0.14363
-96.6100 39.1100     170  -0.619   0.492   0.010  -0.008  -0.12453
-96.6100 39.1100     171  -0.549   0.441   0.008  -0.001  -0.10186
-96.6100 39.1100     172  -0.447   0.510   0.010  -0.010   0.06266
-96.6100 39.1100     173  -0.566   0.482   0.014   0.000  -0.07014
-96.6100 39.1100     174  -0.621   0.510   0.008   0.000  -0.10394
-96.6100 39.1100     175  -0.515   0.536   0.010  -0.011   0.02057
-96.6100 39.1100     176  -0.606   0.512   0.011  -0.013  -0.09644
-96.6100 39.1100     177  -0.721   0.526   0.008  -0.002  -0.18899
-96.6100 39.1100     178  -0.442   0.496   0.011  -0.004   0.06086
-96.6100 39.1100     179  -0.475   0.513   0.008   0.000   0.04580
-96.6100 39.1100     180  -0.447   0.520   0.010  -0.007   0.07621
-96.6100 39.1100     181  -0.425   0.509   0.008  -0.002   0.08989
-96.6100 39.1100     182  -0.413   0.542   0.009   0.000   0.13774
-96.6100 39.1100     183  -0.474   0.501   0.009  -0.002   0.03428
-96.6100 39.1100     184  -0.479   0.505   0.009  -0.007   0.02763
-96.6100 39.1100     185  -0.569   0.392   0.012  -0.002  -0.16630
-96.6100 39.1100     186  -0.638   0.507   0.007  -0.005  -0.12821
-96.6100 39.1100     187  -0.425   0.514   0.007  -0.016   0.07912
-96.6100 39.1100     188  -0.457   0.488   0.010   0.000   0.04014
-96.6100 39.1100     189  -0.422   0.535   0.009   0.000   0.12179
-96.6100 39.1100     190  -0.442   0.494   0.011  -0.006   0.05688
-96.6100 39.1100     191  -0.490   0.501   0.007  -0.002   0.01640
-96.6100 39.1100     192  -0.496   0.492   0.006  -0.009  -0.00644
-96.6100 39.1100     193  -0.399   0.455   0.008  -0.000   0.06399
-96.6100 39.1100     194  -0.452   0.451   0.008  -0.007   0.00011
-96.6100 39.1100     195  -0.407   0.438   0.009  -0.004   0.03520
-96.6100 39.1100     196  -0.515   0.521   0.008  -0.002   0.01194
-96.6100 39.1100     197  -0.389   0.410   0.006  -0.004   0.02419
-96.6100 39.1100     198  -0.346   0.475   0.006  -0.007   0.12723
-96.6100 39.1100     199  -0.441   0.424   0.010   0.000  -0.00793
-96.6100 39.1100     200  -0.444   0.440   0.008  -0.005  -0.00170
-96.6100 39.1100     201  -0.381   0.405   0.006  -0.005   0.02492
-96.6100 39.1100     202  -0.451   0.383   0.006  -0.006  -0.06806
-96.6100 39.1100     203  -0.495   0.437   0.006   0.000  -0.05160
-96.6100 39.1100     204  -0.532   0.461   0.011   0.000  -0.05890
-96.6100 39.1100     205  -0.312   0.403   0.009  -0.002   0.09766
-96.6100 39.1100     206  -0.537   0.481   0.007   0.000  -0.04994
-96.6100 39.1100     207  -0.490   0.497   0.006  -0.009   0.00389
-96.6100 39.1100     208  -0.655   0.497   0.007  -0.001  -0.15230
-96.6100 39.1100     209  -0.458   0.447   0.010   0.000  -0.00140
-96.6100 39.1100     210  -0.515   0.501   0.009  -0.007  -0.01095
-96.6100 39.1100     211  -0.522   0.516   0.007  -0.004  -0.00333
-96.6100 39.1100     212  -0.427   0.454   0.007  -0.002   0.03163
-96.6100 39.1100     213  -0.703   0.552   0.010   0.000  -0.14214
-96.6100 39.1100     214  -0.362   0.447   0.010  -0.002   0.09254
-96.6100 39.1100     215  -0.511   0.604   0.009  -0.008   0.09381
-96.6100 39.1100     216  -0.531   0.525   0.006  -0.004  -0.00326
-96.6100 39.1100     217  -0.446   0.416   0.007  -0.012  -0.03470
-96.6100 39.1100     218  -0.578   0.522   0.007   0.000  -0.04973
-96.6100 39.1100     219  -0.481   0.466   0.009   0.000  -0.00630
-96.6100 39.1100     220  -0.466   0.515   0.009  -0.002   0.05538
-96.6100 39.1100     221  -0.505   0.541   0.006  -0.005   0.03641
-96.6100 39.1100     222  -0.459   0.471   0.006  -0.002   0.01664
-96.6100 39.1100     223  -0.630   0.520   0.007  -0.006  -0.10892
-96.6100 39.1100     224  -0.508   0.474   0.012  -0.004  -0.02712
-96.6100 39.1100     225  -0.432   0.462   0.008  -0.004   0.03451
-96.6100 39.1100     226  -0.518   0.433   0.012   0.000  -0.07286
-96.6100 39.1100     227  -0.520   0.485   0.009  -0.004  -0.02889
-96.6100 39.1100     228  -0.430   0.460   0.010  -0.009   0.03084
-96.6100 39.1100     229  -0.455   0.441   0.007  -0.010  -0.01715
-96.6100 39.1100     230  -0.555   0.513   0.007  -0.008  -0.04227
-96.6100 39.1100     231  -0.564   0.508   0.010   0.000  -0.04643
-96.6100 39.1100     232  -0.375   0.447   0.009  -0.008   0.07317
-96.6100 39.1100     233  -0.547   0.477   0.007  -0.001  -0.06443
-96.6100 39.1100     234  -0.626   0.501   0.007  -0.004  -0.12263
-96.6100 39.1100     235  -0.424   0.518   0.007  -0.001   0.10033
-96.6100 39.1100     236  -0.394   0.526   0.007   0.000   0.13858
-96.6100 39.1100     237  -0.528   0.576   0.009  -0.005   0.05263
-96.6100 39.1100     238  -0.424   0.479   0.006   0.000   0.06180
-96.6100 39.1100     239  -0.467   0.503   0.010  -0.004   0.04162
-96.6100 39.1100     240  -0.381   0.444   0.010  -0.006   0.06836
-96.6100 39.1100     241  -0.609   0.476   0.014  -0.014  -0.13362
-96.6100 39.1100     242  -0.576   0.435   0.009  -0.009  -0.14018
-96.6100 39.1100     243  -0.458   0.517   0.011  -0.014   0.05724
-96.6100 39.1100     244  -0.496   0.445   0.009  -0.004  -0.04513
-96.6100 39.1100     245  -0.474   0.570   0.006  -0.014   0.08846
-96.6100 39.1100     246  -0.415   0.476   0.006  -0.001   0.06568
-96.6100 39.1100     247  -0.498   0.481   0.006  -0.000  -0.01048
-96.6100 39.1100     248  -0.389   0.474   0.006   0.000   0.09125
-96.6100 39.1100     249  -0.500   0.445   0.006  -0.003  -0.05222
-96.6100 39.1100     250  -0.478   0.397   0.009  -0.002  -0.07415
-96.6100 39.1100     251  -0.422   0.499   0.008  -0.002   0.08342
-96.6100 39.1100     252  -0.630   0.474   0.011  -0.002  -0.14593
-96.6100 39.1100     253  -0.391   0.441   0.009  -0.009   0.04977
-96.6100 39.1100     254  -0.535   0.508   0.007  -0.011  -0.02992
-96.6100 39.1100     255  -0.450   0.487   0.007  -0.002   0.04137
-96.6100 39.1100     256  -0.420   0.458   0.009   0.000   0.04701
-96.6100 39.1100     257  -0.454   0.510   0.006  -0.001   0.06083
-96.6100 39.1100     258  -0.486   0.470   0.009  -0.018  -0.02452
-96.6100 39.1100     259  -0.632   0.439   0.007   0.000  -0.18571
-96.6100 39.1100     260  -0.492   0.415   0.008  -0.004  -0.07434
-96.6100 39.1100     261  -0.452   0.536   0.007   0.000   0.09137
-96.6100 39.1100     262  -0.493   0.482   0.009  -0.004  -0.00627
-96.6100 39.1100     263  -0.426   0.504   0.009  -0.002   0.08484
-96.6100 39.1100     264  -0.397   0.463   0.007  -0.003   0.06911
-96.6100 39.1100     265  -0.428   0.486   0.006  -0.001   0.06209
-96.6100 39.1100     266  -0.454   0.466   0.006   0.000   0.01847
-96.6100 39.1100     267  -0.544   0.471   0.006  -0.002  -0.06873
-96.6100 39.1100     268  -0.456   0.489   0.008   0.000   0.04146
-96.6100 39.1100     269  -0.479   0.492   0.008  -0.007   0.01434
-96.6100 39.1100     270  -0.474   0.444   0.011  -0.004  -0.02410
-96.6100 39.1100     271  -0.491   0.506   0.008  -0.006   0.01624
-96.6100 39.1100     272  -0.431   0.413   0.007  -0.005  -0.01625
-96.6100 39.1100     273  -0.500   0.494   0.006  -0.003  -0.00234
-96.6100 39.1100     274  -0.505   0.455   0.011  -0.011  -0.04965
-96.6100 39.1100     275  -0.719   0.498   0.007  -0.005  -0.21974
-96.6100 39.1100     276  -0.377   0.469   0.007  -0.009   0.09030
-96.6100 39.1100     277  -0.385   0.486   0.009   0.000   0.10996
-96.6100 39.1100     278  -0.514   0.548   0.006  -0.001   0.03907
-96.6100 39.1100     279  -0.526   0.449   0.009  -0.004  -0.07194
-96.6100 39.1100     280  -0.650   0.421   0.007   0.000  -0.22186
-96.6100 39.1100     281  -0.450   0.419   0.008  -0.004  -0.02652
-96.6100 39.1100     282  -0.570   0.492   0.008   0.000  -0.07023
-96.6100 39.1100     283  -0.527   0.503   0.010   0.000  -0.01389
-96.6100 39.1100     284  -0.455   0.560   0.009  -0.004   0.11075
-96.6100 39.1100     285  -0.479   0.541   0.011  -0.007   0.06667
-96.6100 39.1100     286  -0.523   0.553   0.011  -0.007   0.03442
-96.6100 39.1100     287  -0.469   0.471   0.007  -0.008  -0.00024
-96.6100 39.1100     288  -0.525   0.500   0.007  -0.003  -0.02153
-96.6100 39.1100     289  -0.505   0.439   0.007   0.000  -0.05970
-96.6100 39.1100     290  -0.563   0.501   0.007   0.000  -0.05488
-96.6100 39.1100     291  -0.372   0.471   0.008  -0.009   0.09811
-96.6100 39.1100     292  -0.605   0.537   0.007   0.000  -0.06113
-96.6100 39.1100     293  -0.554   0.480   0.007  -0.000  -0.06678
-96.6100 39.1100     294  -0.496   0.453   0.010   0.000  -0.03309
-96.6100 39.1100     295  -0.387   0.465   0.009  -0.002   0.08465
-96.6100 39.1100     296  -0.509   0.563   0.006  -0.008   0.05228
-96.6100 39.1100     297  -0.544   0.481   0.009  -0.005  -0.05879
-96.6100 39.1100     298  -0.599   0.420   0.010   0.000  -0.16843
-96.6100 39.1100     299  -0.547   0.461   0.011  -0.004  -0.07967
-96.6100 39.1100     300  -0.639   0.518   0.011  -0.004  -0.11415
-96.6100 39.1100     301  -0.463   0.543   0.008  -0.007   0.07988
-96.6100 39.1100     302  -0.590   0.544   0.013  -0.007  -0.03958
-96.6100 39.1100     303  -0.457   0.481   0.010  -0.006   0.02834
-96.6100 39.1100     304  -0.456   0.537   0.014  -0.006   0.08945
-96.6100 39.1100     305  -0.486   0.559   0.007  -0.004   0.07562
-96.6100 39.1100     306  -0.434   0.479   0.013  -0.012   0.04509
-96.6100 39.1100     307  -0.555   0.497   0.007   0.000  -0.05098
-96.6100 39.1100     308  -0.496   0.511   0.007  -0.014   0.00807
-96.6100 39.1100     309  -0.450   0.490   0.009   0.000   0.04911
-96.6100 39.1100     310  -0.507   0.554   0.012  -0.003   0.05607
-96.6100 39.1100     311  -0.380   0.501   0.009  -0.002   0.12816
-96.6100 39.1100     312  -0.447   0.478   0.010  -0.010   0.03125
-96.6100 39.1100     313  -0.445   0.420   0.007  -0.004  -0.02272
-96.6100 39.1100     314  -0.558   0.439   0.007  -0.003  -0.11526
-96.6100 39.1100     315  -0.469   0.449   0.016  -0.008  -0.01223
-96.6100 39.1100     316  -0.384   0.430   0.007  -0.006   0.04664
-96.6100 39.1100     317  -0.496   0.498   0.007  -0.004   0.00493
-96.6100 39.1100     318  -0.426   0.445   0.011  -0.003   0.02676
-96.6100 39.1100     319  -0.441   0.488   0.008  -0.005   0.04947
-96.6100 39.1100     320  -0.582   0.481   0.006  -0.006  -0.10127
-96.6100 39.1100     321  -0.604   0.476   0.009  -0.003  -0.12162
-96.6100 39.1100     322  -0.500   0.530   0.009  -0.005   0.03409
-96.6100 39.1100     323  -0.429   0.485   0.011  -0.006   0.06058
-96.6100 39.1100     324  -0.439   0.467   0.009  -0.004   0.03314
-96.6100 39.1100     325  -0.460   0.541   0.006  -0.006   0.08161
-96.6100 39.1100     326  -0.483   0.420   0.007  -0.003  -0.05877
-96.6100 39.1100     327  -0.463   0.445   0.007   0.000  -0.01143
-96.6100 39.1100     328  -0.437   0.494   0.008  -0.005   0.05938
-96.6100 39.1100     329  -0.482   0.509   0.006  -0.002   0.03052
-96.6100 39.1100     330  -0.445   0.493   0.006  -0.002   0.05270
-96.6100 39.1100     331  -0.434   0.456   0.010  -0.002   0.03030
-96.6100 39.1100     332  -0.410   0.431   0.006  -0.004   0.02362
-96.6100 39.1100     333  -0.513   0.437   0.009  -0.030  -0.09674
-96.6100 39.1100     334  -0.607   0.524   0.006   0.000  -0.07756
-96.6100 39.1100     335  -0.477   0.415   0.007  -0.011  -0.06619
-96.6100 39.1100     336  -0.468   0.495   0.012  -0.006   0.03286
-96.6100 39.1100     337  -0.666   0.429   0.011  -0.000  -0.22566
-96.6100 39.1100     338  -0.524   0.457   0.011   0.000  -0.05581
-96.6100 39.1100     339  -0.480   0.593   0.007  -0.015   0.10580
-96.6100 39.1100     340  -0.441   0.523   0.007  -0.004   0.08454
-96.6100 39.1100     341  -0.351   0.511   0.009   0.000   0.16904
-96.6100 39.1100     342  -0.507   0.559   0.005  -0.005   0.05201
-96.6100 39.1100     343  -0.558   0.454   0.006  -0.016  -0.11413
-96.6100 39.1100     344  -0.642   0.443   0.013   0.000  -0.18660
-96.6100 39.1100     345  -0.390   0.460   0.007  -0.005   0.07282
-96.6100 39.1100     346  -0.461   0.547   0.009  -0.004   0.09036
-96.6100 39.1100     347  -0.523   0.500   0.007  -0.003  -0.01905
-96.6100 39.1100     348  -0.518   0.508   0.009  -0.002  -0.00247
-96.6100 39.1100     349  -0.472   0.492   0.007  -0.003   0.02459
-96.6100 39.1100     350  -0.439   0.465   0.007  -0.002   0.03149
-96.6100 39.1100     351  -0.484   0.536   0.008   0.000   0.05943
-96.6100 39.1100     352  -0.343   0.426   0.009  -0.008   0.08376
-96.6100 39.1100     353  -0.555   0.452   0.009  -0.004  -0.09850
-96.6100 39.1100     354  -0.507   0.449   0.011  -0.004  -0.05108
-96.6100 39.1100     355  -0.614   0.458   0.007  -0.011  -0.15995
-96.6100 39.1100     356  -0.502   0.539   0.009   0.000   0.04565
-96.6100 39.1100     357  -0.530   0.517   0.009  -0.013  -0.01695
-96.6100 39.1100     358  -0.414   0.481   0.012  -0.004   0.07533
-96.6100 39.1100     359  -0.550   0.544   0.007  -0.002  -0.00133
-96.6100 39.1100     360  -0.401   0.442   0.009  -0.008   0.04206
-96.6100 39.1100     361  -0.451   0.479   0.009  -0.001   0.03589
-96.6100 39.1100     362  -0.629   0.491   0.012  -0.008  -0.13463
-96.6100 39.1100     363  -0.322   0.412   0.015  -0.010   0.09443
-96.6100 39.1100     364  -0.490   0.471   0.009   0.000  -0.00990
-96.6100 39.1100     365  -0.443   0.502   0.007  -0.018   0.04822
-96.6100 39.1100     366  -0.450   0.444   0.009  -0.006  -0.00243
-96.6100 39.1100     367  -0.485   0.499   0.011   0.000   0.02468
-96.6100 39.1100     368  -0.560   0.523   0.016  -0.010  -0.03077
-96.6100 39.1100     369  -0.567   0.492   0.008  -0.018  -0.08480
-96.6100 39.1100     370  -0.652   0.422   0.010  -0.012  -0.23186
-96.6100 39.1100     371  -0.410   0.553   0.007  -0.008   0.14351
-96.6100 39.1100     372  -0.463   0.491   0.010  -0.002   0.03607
-96.6100 39.1100     373  -0.500   0.571   0.009  -0.002   0.07750
-96.6100 39.1100     374  -0.501   0.496   0.007  -0.002   0.00047
-96.6100 39.1100     375  -0.411   0.502   0.007  -0.006   0.09177
-96.6100 39.1100     376  -0.492   0.471   0.006  -0.004  -0.01938
-96.6100 39.1100     377  -0.430   0.439   0.011   0.000   0.01889
-96.6100 39.1100     378  -0.400   0.507   0.008  -0.004   0.11079
-96.6100 39.1100     379  -0.394   0.443   0.008  -0.006   0.05113
-96.6100 39.1100     380  -0.544   0.421   0.006  -0.004  -0.11963
-96.6100 39.1100     381  -0.764   0.442   0.010  -0.005  -0.31655
-96.6100 39.1100     382  -0.421   0.424   0.010  -0.035  -0.02202
-96.6100 39.1100     383  -0.539   0.519   0.007   0.000  -0.01369
-96.6100 39.1100     384  -0.433   0.580   0.007  -0.008   0.14571
-96.6100 39.1100     385  -0.414   0.531   0.008   0.000   0.12473
-96.6100 39.1100     386  -0.605   0.465   0.007   0.000  -0.13239
-96.6100 39.1100     387  -0.471   0.478   0.007  -0.010   0.00459
-96.6100 39.1100     388  -0.460   0.492   0.009   0.000   0.04091
-96.6100 39.1100     389  -0.394   0.434   0.008  -0.002   0.04580
-96.6100 39.1100     390  -0.681   0.456   0.012   0.000  -0.21280
-96.6100 39.1100     391  -0.458   0.441   0.010  -0.007  -0.01398
-96.6100 39.1100     392  -0.445   0.555   0.007  -0.009   0.10871
-96.6100 39.1100     393  -0.442   0.510   0.009  -0.002   0.07490
-96.6100 39.1100     394  -0.477   0.467   0.009  -0.002  -0.00291
-96.6100 39.1100     395  -0.491   0.444   0.009  -0.021  -0.05855
-96.6100 39.1100     396  -0.606   0.526   0.009  -0.005  -0.07625
-96.6100 39.1100     397  -0.533   0.506   0.012  -0.005  -0.01962
-96.6100 39.1100     398  -0.391   0.469   0.014  -0.009   0.08281
-96.6100 39.1100     399  -0.537   0.475   0.008   0.000  -0.05343
-96.6100 39.1100     400  -0.530   0.494   0.010  -0.012  -0.03768
-96.6100 39.1100     401  -0.466   0.468   0.010  -0.005   0.00706
-96.6100 39.1100     402  -0.357   0.453   0.011  -0.009   0.09706
-96.6100 39.1100     403  -0.404   0.471   0.007  -0.003   0.07058
-96.6100 39.1100     404  -0.444   0.433   0.007  -0.005  -0.00955
-96.6100 39.1100     405  -0.467   0.482   0.007   0.000   0.02089
-96.6100 39.1100     406  -0.482   0.488   0.007   0.000   0.01212
-96.6100 39.1100     407  -0.452   0.504   0.006   0.000   0.05853
-96.6100 39.1100     408  -0.422   0.424   0.009   0.000   0.01121
-96.6100 39.1100     409  -0.408   0.429   0.010  -0.020   0.01000
-96.6100 39.1100     410  -0.490   0.454   0.006   0.000  -0.03034
-96.6100 39.1100     411  -0.493   0.477   0.007  -0.016  -0.02467
-96.6100 39.1100     412  -0.618   0.462   0.007   0.000  -0.14905
-96.6100 39.1100     413  -0.310   0.477   0.007   0.000   0.17436
-96.6100 39.1100     414  -0.445   0.459   0.009   0.000   0.02247
-96.6100 39.1100     415  -0.444   0.445   0.009  -0.013  -0.00321
-96.6100 39.1100     416  -0.438   0.459   0.007  -0.004   0.02423
-96.6100 39.1100     417  -0.445   0.436   0.008   0.000  -0.00081
-96.6100 39.1100     418  -0.434   0.408   0.011  -0.005  -0.01959
-96.6100 39.1100     419  -0.458   0.453   0.011   0.000   0.00568
-96.6100 39.1100     420  -0.554   0.476   0.011  -0.014  -0.08005
-96.6100 39.1100     421  -0.402   0.497   0.006  -0.019   0.08136
-96.6100 39.1100     422  -0.418   0.452   0.007  -0.003   0.03784
-96.6100 39.1100     423  -0.466   0.504   0.006  -0.002   0.04185
-96.6100 39.1100     424  -0.427   0.462   0.008   0.000   0.04268
-96.6100 39.1100     425  -0.466   0.473   0.012  -0.003   0.01678
-96.6100 39.1100     426  -0.455   0.495   0.008  -0.009   0.03908
-96.6100 39.1100     427  -0.478   0.441   0.008  -0.007  -0.03524
-96.6100 39.1100     428  -0.513   0.485   0.006  -0.002  -0.02286
-96.6100 39.1100     429  -0.507   0.449   0.007  -0.004  -0.05595
-96.6100 39.1100     430  -0.537   0.443   0.007   0.000  -0.08700
-96.6100 39.1100     431  -0.430   0.476   0.010  -0.014   0.04226
-96.6100 39.1100     432  -0.328   0.471   0.012   0.000   0.15558
-96.6100 39.1100     433  -0.429   0.436   0.007  -0.007   0.00691
-96.6100 39.1100     434  -0.404   0.398   0.010  -0.007  -0.00247
-96.6100 39.1100     435  -0.473   0.452   0.009  -0.004  -0.01618
-96.6100 39.1100     436  -0.515   0.442   0.009  -0.004  -0.06884
-96.6100 39.1100     437  -0.506   0.450   0.007  -0.012  -0.06211
-96.6100 39.1100     438  -0.605   0.453   0.008  -0.012  -0.15651
-96.6100 39.1100     439  -0.644   0.514   0.011   0.000  -0.11925
-96.6100 39.1100     440  -0.331   0.434   0.008  -0.013   0.09791
-96.6100 39.1100     441  -0.522   0.520   0.010  -0.002   0.00610
-96.6100 39.1100     442  -0.322   0.400   0.014  -0.023   0.06858
-96.6100 39.1100     443  -0.458   0.448   0.007   0.000  -0.00202
-96.6100 39.1100     444  -0.431   0.448   0.008  -0.010   0.01569
-96.6100 39.1100     445  -0.658   0.503   0.009   0.000  -0.14570
-96.6100 39.1100     446  -0.438   0.489   0.007  -0.014   0.04380
-96.6100 39.1100     447  -0.410   0.495   0.013  -0.004   0.09402
-96.6100 39.1100     448  -0.452   0.509   0.007  -0.007   0.05677
-96.6100 39.1100     449  -0.413   0.441   0.007  -0.006   0.02881
-96.6100 39.1100     450  -0.486   0.467   0.009   0.000  -0.01018
-96.6100 39.1100     451  -0.381   0.413   0.009  -0.002   0.03799
-96.6100 39.1100     452  -0.466   0.506   0.013  -0.004   0.04912
-96.6100 39.1100     453  -0.466   0.433   0.013  -0.006  -0.02626
-96.6100 39.1100     454  -0.391   0.398   0.009  -0.021  -0.00493
-96.6100 39.1100     455  -0.557   0.491   0.009   0.000  -0.05665
-96.6100 39.1100     456  -0.378   0.422   0.009  -0.015   0.03750
-96.6100 39.1100     457  -0.419   0.493   0.009  -0.003   0.07893
-96.6100 39.1100     458  -0.503   0.455   0.008  -0.004  -0.04416
-96.6100 39.1100     459  -0.483   0.426   0.009  -0.004  -0.05161
-96.6100 39.1100     460  -0.430   0.443   0.011  -0.016   0.00858
-96.6100 39.1100     461  -0.428   0.475   0.013  -0.003   0.05589
-96.6100 39.1100     462  -0.464   0.506   0.009  -0.008   0.04334
-96.6100 39.1100     463  -0.451   0.440   0.013  -0.014  -0.01234
-96.6100 39.1100     464  -0.567   0.500   0.006  -0.010  -0.06973
-96.6100 39.1100     465  -0.473   0.453   0.007  -0.005  -0.01763
-96.6100 39.1100     466  -0.550   0.517   0.015   0.000  -0.01827
-96.6100 39.1100     467  -0.491   0.501   0.007   0.000   0.01615
-96.6100 39.1100     468  -0.496   0.501   0.009  -0.013   0.00113
-96.6100 39.1100     469  -0.428   0.517   0.009  -0.002   0.09498
-96.6100 39.1100     470  -0.556   0.446   0.009  -0.018  -0.11825
-96.6100 39.1100     471  -0.389   0.439   0.012  -0.004   0.05722
-96.6100 39.1100     472  -0.483   0.465   0.012   0.000  -0.00640
-96.6100 39.1100     473  -0.398   0.450   0.009  -0.010   0.05149
-96.6100 39.1100     474  -0.443   0.471   0.009  -0.020   0.01712
-96.6100 39.1100     475  -0.488   0.423   0.009  -0.002  -0.05745
-96.6100 39.1100     476  -0.416   0.457   0.012  -0.024   0.02780
-96.6100 39.1100     477  -0.530   0.486   0.009   0.000  -0.03507
-96.6100 39.1100     478  -0.391   0.421   0.007  -0.015   0.02242
-96.6100 39.1100     479  -0.493   0.478   0.007  -0.002  -0.01042
-96.6100 39.1100     480  -0.439   0.445   0.007   0.000   0.01320
-96.6100 39.1100     481  -0.495   0.478   0.007   0.000  -0.01080
-96.6100 39.1100     482  -0.428   0.490   0.007   0.000   0.06927
-96.6100 39.1100     483  -0.442   0.464   0.009  -0.014   0.01649
-96.6100 39.1100     484  -0.412   0.454   0.008   0.000   0.05121
-96.6100 39.1100     485  -0.438   0.452   0.008  -0.018   0.00455
-96.6100 39.1100     486  -0.622   0.380   0.010  -0.002  -0.23255
-96.6100 39.1100     487  -0.616   0.481   0.007  -0.003  -0.13007
-96.6100 39.1100     488  -0.451   0.447   0.013  -0.005   0.00349
-96.6100 39.1100     489  -0.573   0.519   0.010   0.000  -0.04389
-96.6100 39.1100     490  -0.387   0.525   0.007  -0.022   0.12376
-96.6100 39.1100     491  -0.554   0.530   0.007  -0.002  -0.01927
-96.6100 39.1100     492  -0.382   0.403   0.015   0.000   0.03679
-96.6100 39.1100     493  -0.629   0.507   0.010   0.000  -0.11165
-96.6100 39.1100     494  -0.468   0.527   0.007  -0.021   0.04525
-96.6100 39.1100     495  -0.446   0.516   0.011  -0.016   0.06471
-96.6100 39.1100     496  -0.451   0.535   0.006  -0.005   0.08528
-96.6100 39.1100     497  -0.456   0.444   0.011  -0.005  -0.00519
-96.6100 39.1100     498  -0.504   0.455   0.007   0.000  -0.04250
-96.6100 39.1100     499  -0.494   0.472   0.007  -0.008  -0.02293
-96.6100 39.1100     500  -0.452   0.437   0.008   0.000  -0.00571
-96.6100 39.1100     501  -0.764   0.513   0.013   0.000  -0.23726
-96.6100 39.1100     502  -0.452   0.451   0.010  -0.003   0.00694
-96.6100 39.1100     503  -0.487   0.536   0.010  -0.008   0.05089
-96.6100 39.1100     504  -0.496   0.463   0.009  -0.004  -0.02825
-96.6100 39.1100     505  -0.640   0.492   0.014   0.000  -0.13485
-96.6100 39.1100     506  -0.404   0.462   0.015   0.000   0.07236
-96.6100 39.1100     507  -0.543   0.533   0.010   0.000   0.00002
-96.6100 39.1100     508  -0.513   0.420   0.014  -0.010  -0.08928
-96.6100 39.1100     509  -0.627   0.519   0.013   0.000  -0.09489
-96.6100 39.1100     510  -0.515   0.516   0.011  -0.027  -0.01529
-96.6100 39.1100     511  -0.424   0.574   0.010  -0.008   0.15144
-96.6100 39.1100     512  -0.457   0.557   0.012  -0.004   0.10718
-96.6100 39.1100     513  -0.564   0.500   0.012  -0.003  -0.05515
-96.6100 39.1100     514  -0.498   0.508   0.010  -0.009   0.01098
-96.6100 39.1100     515  -0.490   0.523   0.007  -0.028   0.01273
-96.6100 39.1100     516  -0.391   0.506   0.007  -0.003   0.11908
-96.6100 39.1100     517  -0.520   0.475   0.007  -0.002  -0.03952
-96.6100 39.1100     518  -0.695   0.493   0.007  -0.000  -0.19454
-96.6100 39.1100     519  -0.475   0.495   0.013  -0.023   0.00902
-96.6100 39.1100     520  -0.599   0.481   0.011   0.000  -0.10707
-96.6100 39.1100     521  -0.642   0.542   0.008  -0.009  -0.10121
-96.6100 39.1100     522  -0.514   0.550   0.008  -0.004   0.03958
-96.6100 39.1100     523  -0.496   0.587   0.010   0.000   0.10160
-96.6100 39.1100     524  -0.497   0.512   0.011  -0.002   0.02300
-96.6100 39.1100     525  -0.389   0.477   0.008  -0.016   0.07957
-96.6100 39.1100     526  -0.404   0.513   0.007  -0.001   0.11454
-96.6100 39.1100     527  -0.450   0.429   0.007   0.000  -0.01307
-96.6100 39.1100     528  -0.464   0.457   0.009  -0.013  -0.01073
-96.6100 39.1100     529  -0.458   0.434   0.010  -0.014  -0.02843
-96.6100 39.1100     530  -0.617   0.491   0.012   0.000  -0.11387
-96.6100 39.1100     531  -0.396   0.497   0.007  -0.010   0.09849
-96.6100 39.1100     532  -0.539   0.560   0.009  -0.006   0.02376
-96.6100 39.1100     533  -0.491   0.522   0.007  -0.006   0.03221
-96.6100 39.1100     534  -0.545   0.505   0.007  -0.001  -0.03471
-96.6100 39.1100     535  -0.466   0.487   0.012  -0.016   0.01700
-96.6100 39.1100     536  -0.459   0.462   0.007  -0.005   0.00573
-96.6100 39.1100     537  -0.489   0.444   0.007   0.000  -0.03728
-96.6100 39.1100     538  -0.533   0.527   0.007   0.000   0.00117
-96.6100 39.1100     539  -0.504   0.471   0.007  -0.002  -0.02781
-96.6100 39.1100     540  -0.486   0.484   0.010   0.000   0.00785
-96.6100 39.1100     541  -0.533   0.473   0.010  -0.006  -0.05628
-96.6100 39.1100     542  -0.542   0.500   0.013  -0.002  -0.03082
-96.6100 39.1100     543  -0.599   0.554   0.008  -0.030  -0.06758
-96.6100 39.1100     544  -0.491   0.456   0.008  -0.003  -0.03041
-96.6100 39.1100     545  -0.485   0.558   0.008   0.000   0.08034
-96.6100 39.1100     546  -0.505   0.503   0.010   0.000   0.00841
-96.6100 39.1100     547  -0.383   0.540   0.007  -0.001   0.16361
-96.6100 39.1100     548  -0.408   0.456   0.007  -0.004   0.05076
-96.6100 39.1100     549  -0.519   0.488   0.010  -0.051  -0.07122
-96.6100 39.1100     550  -0.460   0.472   0.007   0.000   0.01864
-96.6100 39.1100     551  -0.433   0.520   0.006  -0.003   0.08946
-96.6100 39.1100     552  -0.492   0.425   0.009   0.000  -0.05788
-96.6100 39.1100     553  -0.526   0.503   0.009  -0.003  -0.01694
-96.6100 39.1100     554  -0.577   0.450   0.015  -0.007  -0.11819
-96.6100 39.1100     555  -0.509   0.433   0.016  -0.007  -0.06799
-96.6100 39.1100     556  -0.336   0.532   0.009  -0.007   0.19873
-96.6100 39.1100     557  -0.525   0.490   0.010  -0.021  -0.04623
-96.6100 39.1100     558  -0.549   0.466   0.008   0.000  -0.07556
-96.6100 39.1100     559  -0.528   0.536   0.009  -0.004   0.01376
-96.6100 39.1100     560  -0.586   0.451   0.009  -0.003  -0.12907
-96.6100 39.1100     561  -0.606   0.467   0.008   0.000  -0.13089
-96.6100 39.1100     562  -0.451   0.550   0.008  -0.018   0.08948
-96.6100 39.1100     563  -0.517   0.545   0.013   0.000   0.04014
-96.6100 39.1100     564  -0.497   0.609   0.009  -0.003   0.11918
-96.6100 39.1100     565  -0.414   0.481   0.007  -0.008   0.06703
-96.6100 39.1100     566  -0.411   0.456   0.009  -0.004   0.04956
-96.6100 39.1100     567  -0.481   0.484   0.007  -0.002   0.00748
-96.6100 39.1100     568  -0.473   0.451   0.010  -0.015  -0.02718
-96.6100 39.1100     569  -0.639   0.512   0.007  -0.000  -0.12016
-96.6100 39.1100     570  -0.387   0.465   0.008  -0.004   0.08156
-96.6100 39.1100     571  -0.439   0.513   0.007  -0.003   0.07884
-96.6100 39.1100     572  -0.497   0.533   0.009   0.000   0.04503
-96.6100 39.1100     573  -0.440   0.465   0.009  -0.003   0.03157
-96.6100 39.1100     574  -0.479   0.459   0.007  -0.004  -0.01677
-96.6100 39.1100     575  -0.453   0.399   0.012  -0.002  -0.04424
-96.6100 39.1100     576  -0.644   0.489   0.007   0.000  -0.14761
-96.6100 39.1100     577  -0.448   0.470   0.010  -0.009   0.02369
-96.6100 39.1100     578  -0.561   0.513   0.008  -0.018  -0.05767
-96.6100 39.1100     579  -0.463   0.526   0.007  -0.001   0.07014
-96.6100 39.1100     580  -0.461   0.520   0.007  -0.000   0.06626
-96.6100 39.1100     581  -0.521   0.446   0.010   0.000  -0.06545
-96.6100 39.1100     582  -0.459   0.493   0.014  -0.002   0.04529
-96.6100 39.1100     583  -0.387   0.486   0.007  -0.018   0.08895
-96.6100 39.1100     584  -0.421   0.446   0.009  -0.006   0.02761
-96.6100 39.1100     585  -0.592   0.471   0.007   0.000  -0.11385
-96.6100 39.1100     586  -0.404   0.478   0.007  -0.004   0.07734
-96.6100 39.1100     587  -0.431   0.442   0.011   0.000   0.02215
-96.6100 39.1100     588  -0.469   0.489   0.009  -0.018   0.01122
-96.6100 39.1100     589  -0.507   0.487   0.014  -0.022  -0.02764
-96.6100 39.1100     590  -0.526   0.487   0.007  -0.002  -0.03363
-96.6100 39.1100     591  -0.489   0.464   0.007  -0.012  -0.03018
-96.6100 39.1100     592  -0.521   0.507   0.010   0.000  -0.00467
-96.6100 39.1100     593  -0.429   0.427   0.010  -0.020  -0.01246
-96.6100 39.1100     594  -0.531   0.536   0.009   0.000   0.01375
-96.6100 39.1100     595  -0.457   0.461   0.007  -0.022  -0.00977
-96.6100 39.1100     596  -0.408   0.510   0.007  -0.001   0.10822
-96.6100 39.1100     597  -0.503   0.438   0.010   0.000  -0.05571
-96.6100 39.1100     598  -0.476   0.500   0.009  -0.002   0.03101
-96.6100 39.1100     599  -0.464   0.439   0.012  -0.002  -0.01560
-96.6100 39.1100     600  -0.590   0.514   0.012  -0.004  -0.06781
-96.6100 39.1100     601  -0.417   0.449   0.008  -0.013   0.02718
-96.6100 39.1100     602  -0.497   0.534   0.009   0.000   0.04610
-96.6100 39.1100     603  -0.404   0.418   0.008  -0.031  -0.00914
-96.6100 39.1100     604  -0.467   0.439   0.007   0.000  -0.02070
-96.6100 39.1100     605  -0.479   0.483   0.009  -0.001   0.01232
-96.6100 39.1100     606  -0.483   0.479   0.009   0.000   0.00507
-96.6100 39.1100     607  -0.489   0.447   0.010  -0.017  -0.05013
-96.6100 39.1100     608  -0.546   0.440   0.008  -0.002  -0.10003
-96.6100 39.1100     609  -0.580   0.536   0.008  -0.020  -0.05724
-96.6100 39.1100     610  -0.497   0.484   0.008  -0.001  -0.00654
-96.6100 39.1100     611  -0.475   0.553   0.010  -0.001   0.08767
-96.6100 39.1100     612  -0.441   0.589   0.007   0.000   0.15549
-96.6100 39.1100     613  -0.433   0.419   0.007  -0.004  -0.01005
-96.6100 39.1100     614  -0.457   0.471   0.007  -0.015   0.00662
-96.6100 39.1100     615  -0.511   0.415   0.008   0.000  -0.08842
-96.6100 39.1100     616  -0.602   0.484   0.011  -0.000  -0.10739
-96.6100 39.1100     617  -0.463   0.505   0.010   0.000   0.05215
-96.6100 39.1100     618  -0.460   0.503   0.008  -0.024   0.02597
-96.6100 39.1100     619  -0.407   0.481   0.010  -0.001   0.08241
-96.6100 39.1100     620  -0.421   0.465   0.007   0.000   0.05105
-96.6100 39.1100     621  -0.431   0.510   0.007  -0.004   0.08250
-96.6100 39.1100     622  -0.474   0.466   0.007  -0.000  -0.00071
-96.6100 39.1100     623  -0.521   0.500   0.007  -0.021  -0.03517
-96.6100 39.1100     624  -0.337   0.426   0.009   0.000   0.09802
-96.6100 39.1100     625  -0.463   0.437   0.013   0.000  -0.01349
-96.6100 39.1100     626  -0.540   0.450   0.007  -0.010  -0.09281
-96.6100 39.1100     627  -0.488   0.428   0.008  -0.008  -0.05938
-96.6100 39.1100     628  -0.563   0.478   0.012   0.000  -0.07229
-96.6100 39.1100     629  -0.506   0.535   0.007  -0.003   0.03332
-96.6100 39.1100     630  -0.552   0.543   0.012  -0.027  -0.02400
-96.6100 39.1100     631  -0.441   0.456   0.008  -0.001   0.02222
-96.6100 39.1100     632  -0.459   0.486   0.009  -0.008   0.02848
-96.6100 39.1100     633  -0.439   0.496   0.007  -0.004   0.05968
-96.6100 39.1100     634  -0.615   0.464   0.008   0.000  -0.14313
-96.6100 39.1100     635  -0.588   0.487   0.010   0.000  -0.09059
-96.6100 39.1100     636  -0.680   0.537   0.008  -0.004  -0.13922
-96.6100 39.1100     637  -0.451   0.492   0.014  -0.018   0.03633
-96.6100 39.1100     638  -0.468   0.554   0.007  -0.002   0.09110
-96.6100 39.1100     639  -0.497   0.470   0.010  -0.007  -0.02334
-96.6100 39.1100     640  -0.465   0.558   0.009  -0.003   0.09959
-96.6100 39.1100     641  -0.448   0.503   0.009  -0.005   0.05892
-96.6100 39.1100     642  -0.529   0.483   0.010  -0.004  -0.04127
-96.6100 39.1100     643  -0.478   0.497   0.007  -0.005   0.02200
-96.6100 39.1100     644  -0.523   0.496   0.007  -0.002  -0.02161
-96.6100 39.1100     645  -0.420   0.479   0.012  -0.015   0.05636
-96.6100 39.1100     646  -0.478   0.474   0.007  -0.002   0.00115
-96.6100 39.1100     647  -0.412   0.481   0.011  -0.004   0.07557
-96.6100 39.1100     648  -0.428   0.485   0.007  -0.005   0.05928
-96.6100 39.1100     649  -0.334   0.422   0.007  -0.018   0.07686
-96.6100 39.1100     650  -0.567   0.441   0.009  -0.001  -0.11780
-96.6100 39.1100     651  -0.526   0.464   0.010   0.000  -0.05254
-96.6100 39.1100     652  -0.379   0.473   0.007  -0.005   0.09661
-96.6100 39.1100     653  -0.545   0.513   0.009  -0.002  -0.02449
-96.6100 39.1100     654  -0.588   0.454   0.007  -0.001  -0.12821
-96.6100 39.1100     655  -0.619   0.435   0.009  -0.005  -0.18078
-96.6100 39.1100     656  -0.443   0.470   0.008   0.000   0.03462
-96.6100 39.1100     657  -0.452   0.510   0.012  -0.010   0.06003
-96.6100 39.1100     658  -0.461   0.483   0.008  -0.002   0.02751
-96.6100 39.1100     659  -0.454   0.474   0.012  -0.005   0.02633
-96.6100 39.1100     660  -0.492   0.573   0.007  -0.002   0.08607
-96.6100 39.1100     661  -0.483   0.465   0.009  -0.024  -0.03293
-96.6100 39.1100     662  -0.441   0.468   0.007  -0.002   0.03225
-96.6100 39.1100     663  -0.393   0.414   0.009  -0.005   0.02480
-96.6100 39.1100     664  -0.466   0.411   0.012   0.000  -0.04242
-96.6100 39.1100     665  -0.515   0.480   0.009   0.000  -0.02588
-96.6100 39.1100     666  -0.525   0.440   0.008  -0.030  -0.10690
-96.6100 39.1100     667  -0.613   0.540   0.007  -0.005  -0.07018
-96.6100 39.1100     668  -0.436   0.442   0.011  -0.016   0.00134
-96.6100 39.1100     669  -0.489   0.486   0.008  -0.002   0.00290
-96.6100 39.1100     670  -0.555   0.524   0.010  -0.002  -0.02306
-96.6100 39.1100     671  -0.377   0.502   0.010  -0.003   0.13172
-96.6100 39.1100     672  -0.494   0.555   0.009  -0.002   0.06819
-96.6100 39.1100     673  -0.510   0.471   0.007  -0.012  -0.04333
-96.6100 39.1100     674  -0.537   0.487   0.012  -0.004  -0.04279
-96.6100 39.1100     675  -0.479   0.473   0.007   0.000   0.00149
-96.6100 39.1100     676  -0.397   0.470   0.008  -0.020   0.06121
-96.6100 39.1100     677  -0.540   0.440   0.009   0.000  -0.09139
-96.6100 39.1100     678  -0.553   0.479   0.010   0.000  -0.06399
-96.6100 39.1100     679  -0.496   0.510   0.010  -0.004   0.01981
-96.6100 39.1100     680  -0.613   0.442   0.009  -0.002  -0.16377
-96.6100 39.1100     681  -0.579   0.528   0.008  -0.004  -0.04729
-96.6100 39.1100     682  -0.413   0.508   0.011  -0.015   0.09051
-96.6100 39.1100     683  -0.452   0.546   0.010   0.000   0.10360
-96.6100 39.1100     684  -0.634   0.617   0.009  -0.009  -0.01612
-96.6100 39.1100     685  -0.467   0.483   0.010  -0.005   0.02135
-96.6100 39.1100     686  -0.413   0.519   0.007  -0.004   0.10976
-96.6100 39.1100     687  -0.487   0.539   0.009  -0.001   0.05983
-96.6100 39.1100     688  -0.459   0.469   0.007   0.000   0.01601
-96.6100 39.1100     689  -0.459   0.476   0.007  -0.004   0.01952
-96.6100 39.1100     690  -0.417   0.452   0.011  -0.014   0.03214
-96.6100 39.1100     691  -0.375   0.439   0.009  -0.002   0.07126
-96.6100 39.1100     692  -0.468   0.476   0.009  -0.002   0.01456
-96.6100 39.1100     693  -0.412   0.425   0.008  -0.008   0.01266
-96.6100 39.1100     694  -0.501   0.500   0.006  -0.004   0.00111
-96.6100 39.1100     695  -0.411   0.464   0.009  -0.002   0.06077
-96.6100 39.1100     696  -0.488   0.480   0.013   0.000   0.00546
-96.6100 39.1100     697  -0.433   0.429   0.006  -0.023  -0.01998
-96.6100 39.1100     698  -0.441   0.452   0.013  -0.004   0.01967
-96.6100 39.1100     699  -0.523   0.440   0.007  -0.005  -0.08187
-96.6100 39.1100     700  -0.406   0.452   0.009  -0.007   0.04707
-96.6100 39.1100     701  -0.447   0.386   0.008  -0.002  -0.05607
-96.6100 39.1100     702  -0.375   0.416   0.012  -0.002   0.04997
-96.6100 39.1100     703  -0.538   0.481   0.010   0.000  -0.04743
-96.6100 39.1100     704  -0.367   0.477   0.007  -0.013   0.10331
-96.6100 39.1100     705  -0.490   0.496   0.006  -0.002   0.01096
-96.6100 39.1100     706  -0.527   0.438   0.009   0.000  -0.07970
-96.6100 39.1100     707  -0.385   0.431   0.014  -0.002   0.05744
-96.6100 39.1100     708  -0.550   0.437   0.015   0.000  -0.09797
-96.6100 39.1100     709  -0.634   0.503   0.010  -0.008  -0.12911
-96.6100 39.1100     710  -0.439   0.419   0.013  -0.032  -0.03967
-96.6100 39.1100     711  -0.526   0.609   0.009  -0.007   0.08519
-96.6100 39.1100     712  -0.450   0.439   0.008  -0.008  -0.01111
-96.6100 39.1100     713  -0.529   0.533   0.007  -0.004   0.00625
-96.6100 39.1100     714  -0.491   0.523   0.009   0.000   0.04158
-96.6100 39.1100     715  -0.453   0.490   0.007  -0.003   0.04196
-96.6100 39.1100     716  -0.463   0.494   0.007  -0.012   0.02522
-96.6100 39.1100     717  -0.467   0.475   0.011  -0.001   0.01844
-96.6100 39.1100     718  -0.422   0.492   0.011  -0.004   0.07652
-96.6100 39.1100     719  -0.439   0.489   0.014  -0.007   0.05668
-96.6100 39.1100     720  -0.570   0.444   0.009  -0.009  -0.12614
-96.6100 39.1100     721  -0.455   0.474   0.007  -0.015   0.01022
-96.6100 39.1100     722  -0.521   0.455   0.010  -0.011  -0.06789
-96.6100 39.1100     723  -0.526   0.501   0.007  -0.001  -0.01770
-96.6100 39.1100     724  -0.393   0.438   0.010  -0.004   0.05116
-96.6100 39.1100     725  -0.520   0.424   0.008   0.000  -0.08874
-96.6100 39.1100     726  -0.483   0.440   0.010  -0.004  -0.03748
-96.6100 39.1100     727  -0.393   0.427   0.009   0.000   0.04297
-96.6100 39.1100     728  -0.618   0.548   0.009  -0.004  -0.06475
-96.6100 39.1100     729  -0.449   0.509   0.007  -0.016   0.05133
-96.6100 39.1100     730  -0.487   0.532   0.007  -0.002   0.05070
-96.6100 39.1100     731  -0.557   0.567   0.009   0.000   0.01833
-96.6100 39.1100     732  -0.551   0.507   0.009  -0.006  -0.04064
-96.6100 39.1100     733  -0.592   0.446   0.007  -0.002  -0.14017
-96.6100 39.1100     734  -0.453   0.470   0.010  -0.004   0.02329
-96.6100 39.1100     735  -0.536   0.571   0.007  -0.002   0.03853
-96.6100 39.1100     736  -0.485   0.439   0.008  -0.002  -0.04006
-96.6100 39.1100     737  -0.506   0.494   0.010   0.000  -0.00157
-96.6100 39.1100     738  -0.518   0.514   0.010  -0.000   0.00550
-96.6100 39.1100     739  -0.316   0.505   0.011  -0.012   0.18819
-96.6100 39.1100     740  -0.556   0.496   0.011  -0.008  -0.05701
-96.6100 39.1100     741  -0.570   0.484   0.009  -0.009  -0.08614
-96.6100 39.1100     742  -0.481   0.488   0.007  -0.008   0.00550
-96.6100 39.1100     743  -0.471   0.486   0.014  -0.002   0.02707
-96.6100 39.1100     744  -0.424   0.549   0.006  -0.007   0.12443
-96.6100 39.1100     745  -0.397   0.397   0.007  -0.004   0.00262
-96.6100 39.1100     746  -0.536   0.464   0.007   0.000  -0.06476
-96.6100 39.1100     747  -0.756   0.489   0.010   0.000  -0.25718
-96.6100 39.1100     748  -0.401   0.442   0.010  -0.022   0.02897
-96.6100 39.1100     749  -0.462   0.528   0.010  -0.004   0.07255
-96.6100 39.1100     750  -0.534   0.508   0.010  -0.006  -0.02284
-96.6100 39.1100     751  -0.432   0.509   0.006  -0.002   0.08132
-96.6100 39.1100     752  -0.430   0.516   0.007  -0.004   0.08997
-96.6100 39.1100     753  -0.447   0.513   0.007   0.000   0.07251
-96.6100 39.1100     754  -0.433   0.518   0.008   0.000   0.09257
-96.6100 39.1100     755  -0.399   0.408   0.011  -0.011   0.00789
-96.6100 39.1100     756  -0.464   0.386   0.008   0.000  -0.07043
-96.6100 39.1100     757  -0.598   0.412   0.009  -0.005  -0.18078
-96.6100 39.1100     758  -0.488   0.464   0.007  -0.023  -0.03926
-96.6100 39.1100     759  -0.520   0.537   0.009  -0.004   0.02236
-96.6100 39.1100     760  -0.553   0.527   0.007  -0.013  -0.03138
-96.6100 39.1100     761  -0.417   0.479   0.007  -0.002   0.06798
-96.6100 39.1100     762  -0.405   0.498   0.011   0.000   0.10338
-96.6100 39.1100     763  -0.493   0.468   0.009  -0.005  -0.02034
-96.6100 39.1100     764  -0.479   0.469   0.007  -0.004  -0.00802
-96.6100 39.1100     765  -0.445   0.442   0.007  -0.004  -0.00005
-96.6100 39.1100     766  -0.566   0.544   0.006   0.000  -0.01615
-96.6100 39.1100     767  -0.408   0.483   0.007   0.000   0.08185
-96.6100 39.1100     768  -0.486   0.477   0.007   0.000  -0.00284
-96.6100 39.1100     769  -0.376   0.443   0.007  -0.012   0.06228
-96.6100 39.1100     770  -0.563   0.488   0.008  -0.008  -0.07529
-96.6100 39.1100     771  -0.503   0.411   0.012  -0.007  -0.08705
-96.6100 39.1100     772  -0.693   0.509   0.010  -0.002  -0.17606
-96.6100 39.1100     773  -0.454   0.465   0.008  -0.019  -0.00104
-96.6100 39.1100     774  -0.536   0.489   0.010  -0.001  -0.03842
-96.6100 39.1100     775  -0.724   0.577   0.007  -0.000  -0.13907
-96.6100 39.1100     776  -0.362   0.472   0.008  -0.013   0.10501
-96.6100 39.1100     777  -0.507   0.497   0.010  -0.001  -0.00059
-96.6100 39.1100     778  -0.479   0.502   0.012  -0.003   0.03270
-96.6100 39.1100     779  -0.527   0.580   0.009  -0.007   0.05448
-96.6100 39.1100     780  -0.500   0.468   0.010  -0.006  -0.02853
-96.6100 39.1100     781  -0.527   0.520   0.010  -0.004  -0.00103
-96.6100 39.1100     782  -0.566   0.521   0.007  -0.005  -0.04325
-96.6100 39.1100     783  -0.475   0.487   0.012  -0.011   0.01331
-96.6100 39.1100     784  -0.443   0.471   0.008  -0.002   0.03336
-96.6100 39.1100     785  -0.520   0.516   0.007  -0.006  -0.00296
-96.6100 39.1100     786  -0.525   0.554   0.011   0.000   0.03946
-96.6100 39.1100     787  -0.506   0.523   0.010  -0.006   0.02103
-96.6100 39.1100     788  -0.532   0.493   0.007  -0.012  -0.04394
-96.6100 39.1100     789  -0.444   0.519   0.007  -0.004   0.07719
-96.6100 39.1100     790  -0.499   0.524   0.007   0.000   0.03170
-96.6100 39.1100     791  -0.499   0.467   0.009   0.000  -0.02260
-96.6100 39.1100     792  -0.474   0.518   0.006  -0.002   0.04790
-96.6100 39.1100     793  -0.594   0.546   0.006  -0.002  -0.04412
-96.6100 39.1100     794  -0.424   0.503   0.007   0.000   0.08540
-96.6100 39.1100     795  -0.512   0.498   0.009  -0.000  -0.00459
-96.6100 39.1100     796  -0.488   0.546   0.006  -0.011   0.05295
-96.6100 39.1100     797  -0.537   0.476   0.011  -0.002  -0.05148
-96.6100 39.1100     798  -0.489   0.548   0.009  -0.006   0.06147
-96.6100 39.1100     799  -0.467   0.452   0.009  -0.006  -0.01162
-96.6100 39.1100     800  -0.445   0.424   0.008  -0.007  -0.01991
-96.6100 39.1100     801  -0.665   0.534   0.007   0.000  -0.12458
-96.6100 39.1100     802  -0.518   0.443   0.009  -0.016  -0.08238
-96.6100 39.1100     803  -0.484   0.514   0.007   0.000   0.03767
-96.6100 39.1100     804  -0.590   0.531   0.007  -0.009  -0.05997
-96.6100 39.1100     805  -0.509   0.532   0.010   0.000   0.03260
-96.6100 39.1100     806  -0.476   0.535   0.010  -0.003   0.06557
-96.6100 39.1100     807  -0.489   0.467   0.008  -0.002  -0.01595
-96.6100 39.1100     808  -0.363   0.447   0.011  -0.004   0.09069
-96.6100 39.1100     809  -0.496   0.475   0.016  -0.010  -0.01576
-96.6100 39.1100     810  -0.609   0.478   0.007   0.000  -0.12444
-96.6100 39.1100     811  -0.441   0.533   0.007  -0.022   0.07666
-96.6100 39.1100     812  -0.462   0.409   0.008  -0.003  -0.04710
-96.6100 39.1100     813  -0.565   0.470   0.010   0.000  -0.08509
-96.6100 39.1100     814  -0.517   0.467   0.010  -0.003  -0.04237
-96.6100 39.1100     815  -0.491   0.579   0.006  -0.004   0.09087
-96.6100 39.1100     816  -0.490   0.534   0.009  -0.011   0.04207
-96.6100 39.1100     817  -0.388   0.503   0.009  -0.002   0.12251
-96.6100 39.1100     818  -0.502   0.546   0.007  -0.004   0.04690
-96.6100 39.1100     819  -0.425   0.525   0.008  -0.004   0.10345
-96.6100 39.1100     820  -0.452   0.545   0.010  -0.002   0.10127
-96.6100 39.1100     821  -0.387   0.410   0.006  -0.008   0.02130
-96.6100 39.1100     822  -0.501   0.442   0.006  -0.009  -0.06080
-96.6100 39.1100     823  -0.507   0.414   0.006  -0.003  -0.08915
-96.6100 39.1100     824  -0.540   0.403   0.012  -0.002  -0.12686
-96.6100 39.1100     825  -0.406   0.537   0.009  -0.003   0.13710
-96.6100 39.1100     826  -0.389   0.462   0.010  -0.012   0.07090
-96.6100 39.1100     827  -0.398   0.465   0.008  -0.006   0.07008
-96.6100 39.1100     828  -0.444   0.475   0.008  -0.005   0.03380
-96.6100 39.1100     829  -0.464   0.455   0.008  -0.004  -0.00502
-96.6100 39.1100     830  -0.452   0.449   0.008  -0.008  -0.00188
-96.6100 39.1100     831  -0.517   0.416   0.009  -0.004  -0.09584
-96.6100 39.1100     832  -0.491   0.484   0.010  -0.002   0.00119
-96.6100 39.1100     833  -0.389   0.445   0.009  -0.003   0.06144
-96.6100 39.1100     834  -0.474   0.451   0.006  -0.007  -0.02350
-96.6100 39.1100     835  -0.351   0.425   0.007  -0.009   0.07161
-96.6100 39.1100     836  -0.494   0.529   0.008   0.000   0.04272
-96.6100 39.1100     837  -0.470   0.490   0.008  -0.003   0.02448
-96.6100 39.1100     838  -0.445   0.461   0.008  -0.004   0.02087
-96.6100 39.1100     839  -0.369   0.407   0.010  -0.001   0.04682
-96.6100 39.1100     840  -0.489   0.457   0.010  -0.017  -0.03814
-96.6100 39.1100     841  -0.442   0.473   0.007  -0.009   0.02874
-96.6100 39.1100     842  -0.513   0.429   0.009  -0.010  -0.08495
-96.6100 39.1100     843  -0.624   0.425   0.007  -0.001  -0.19373
-96.6100 39.1100     844  -0.590   0.402   0.011  -0.004  -0.18161
-96.6100 39.1100     845  -0.839   0.579   0.008   0.000  -0.25212
-96.6100 39.1100     846  -0.394   0.501   0.009  -0.006   0.10885
-96.6100 39.1100     847  -0.442   0.481   0.009   0.000   0.04769
-96.6100 39.1100     848  -0.509   0.573   0.008  -0.006   0.06586
-96.6100 39.1100     849  -0.627   0.504   0.011   0.000  -0.11200
-96.6100 39.1100     850  -0.442   0.494   0.008  -0.012   0.04762
-96.6100 39.1100     851  -0.542   0.481   0.008  -0.002  -0.05515
-96.6100 39.1100     852  -0.477   0.547   0.008   0.000   0.07763
-96.6100 39.1100     853  -0.448   0.495   0.007  -0.002   0.05213
-96.6100 39.1100     854  -0.473   0.472   0.008   0.000   0.00657
-96.6100 39.1100     855  -0.501   0.478   0.007   0.000  -0.01568
-96.6100 39.1100     856  -0.384   0.473   0.007  -0.009   0.08658
-96.6100 39.1100     857  -0.323   0.467   0.007   0.000   0.15095
-96.6100 39.1100     858  -0.569   0.418   0.010  -0.002  -0.14307
-96.6100 39.1100     859  -0.675   0.491   0.010   0.000  -0.17411
-96.6100 39.1100     860  -0.454   0.484   0.012  -0.007   0.03568
-96.6100 39.1100     861  -0.429   0.452   0.008  -0.006   0.02506
-96.6100 39.1100     862  -0.495   0.564   0.009  -0.012   0.06637
-96.6100 39.1100     863  -0.436   0.501   0.009  -0.002   0.07164
-96.6100 39.1100     864  -0.506   0.538   0.006  -0.006   0.03268
-96.6100 39.1100     865  -0.480   0.502   0.007  -0.002   0.02591
-96.6100 39.1100     866  -0.573   0.454   0.012   0.000  -0.10683
-96.6100 39.1100     867  -0.447   0.429   0.014  -0.014  -0.01893
-96.6100 39.1100     868  -0.461   0.514   0.007   0.000   0.05925
-96.6100 39.1100     869  -0.507   0.489   0.009  -0.017  -0.02557
-96.6100 39.1100     870  -0.472   0.444   0.007  -0.003  -0.02337
-96.6100 39.1100     871  -0.422   0.430   0.009  -0.022  -0.00472
-96.6100 39.1100     872  -0.479   0.483   0.007   0.000   0.01123
-96.6100 39.1100     873  -0.553   0.449   0.010  -0.008  -0.10313
-96.6100 39.1100     874  -0.438   0.429   0.010  -0.003  -0.00134
-96.6100 39.1100     875  -0.543   0.468   0.010   0.000  -0.06445
-96.6100 39.1100     876  -0.441   0.518   0.010  -0.015   0.07124
-96.6100 39.1100     877  -0.576   0.483   0.010  -0.002  -0.08398
-96.6100 39.1100     878  -0.432   0.510   0.012  -0.014   0.07582
-96.6100 39.1100     879  -0.419   0.419   0.010  -0.006   0.00366
-96.6100 39.1100     880  -0.439   0.557   0.007   0.000   0.12513
-96.6100 39.1100     881  -0.411   0.453   0.007  -0.010   0.03925
-96.6100 39.1100     882  -0.462   0.457   0.009  -0.007  -0.00367
-96.6100 39.1100     883  -0.495   0.420   0.007  -0.011  -0.07918
-96.6100 39.1100     884  -0.404   0.496   0.009  -0.003   0.09682
-96.6100 39.1100     885  -0.439   0.460   0.008  -0.003   0.02728
-96.6100 39.1100     886  -0.517   0.458   0.007  -0.004  -0.05568
-96.6100 39.1100     887  -0.489   0.430   0.007  -0.009  -0.06095
-96.6100 39.1100     888  -0.580   0.502   0.010   0.000  -0.06865
-96.6100 39.1100     889  -0.494   0.508   0.007  -0.007   0.01365
-96.6100 39.1100     890  -0.483   0.493   0.009  -0.002   0.01756
-96.6100 39.1100     891  -0.513   0.438   0.010  -0.002  -0.06633
-96.6100 39.1100     892  -0.467   0.506   0.007   0.000   0.04607
-96.6100 39.1100     893  -0.530   0.526   0.007  -0.022  -0.01932
-96.6100 39.1100     894  -0.522   0.504   0.010   0.000  -0.00812
-96.6100 39.1100     895  -0.434   0.512   0.011  -0.006   0.08349
-96.6100 39.1100     896  -0.423   0.496   0.011  -0.004   0.07959
-96.6100 39.1100     897  -0.470   0.514   0.009  -0.010   0.04166
-96.6100 39.1100     898  -0.482   0.464   0.007  -0.006  -0.01797
-96.6100 39.1100     899  -0.610   0.448   0.015  -0.002  -0.15020
-96.6100 39.1100     900  -0.472   0.443   0.010   0.000  -0.01928
-96.6100 39.1100     901  -0.420   0.571   0.014  -0.027   0.13694
-96.6100 39.1100     902  -0.465   0.491   0.007  -0.014   0.01971
-96.6100 39.1100     903  -0.591   0.435   0.007  -0.003  -0.15121
-96.6100 39.1100     904  -0.592   0.460   0.008   0.000  -0.12479
-96.6100 39.1100     905  -0.503   0.532   0.008  -0.004   0.03238
-96.6100 39.1100     906  -0.504   0.452   0.011   0.000  -0.04224
-96.6100 39.1100     907  -0.560   0.527   0.008   0.000  -0.02460
-96.6100 39.1100     908  -0.386   0.530   0.010  -0.016   0.13768
-96.6100 39.1100     909  -0.596   0.497   0.010   0.000  -0.08958
-96.6100 39.1100     910  -0.360   0.487   0.008  -0.004   0.13080
-96.6100 39.1100     911  -0.483   0.580   0.010  -0.006   0.10112
-96.6100 39.1100     912  -0.477   0.471   0.011  -0.024  -0.01879
-96.6100 39.1100     913  -0.442   0.427   0.007  -0.008  -0.01553
-96.6100 39.1100     914  -0.463   0.517   0.007  -0.003   0.05738
-96.6100 39.1100     915  -0.414   0.452   0.007   0.000   0.04458
-96.6100 39.1100     916  -0.453   0.523   0.006  -0.002   0.07367
-96.6100 39.1100     917  -0.623   0.465   0.010  -0.008  -0.15691
-96.6100 39.1100     918  -0.588   0.384   0.012   0.000  -0.19259
-96.6100 39.1100     919  -0.510   0.465   0.011   0.000  -0.03381
-96.6100 39.1100     920  -0.670   0.514   0.021  -0.009  -0.14453
-96.6100 39.1100     921  -0.456   0.539   0.011  -0.041   0.05285
-96.6100 39.1100     922  -0.612   0.538   0.011  -0.009  -0.07240
-96.6100 39.1100     923  -0.524   0.516   0.008  -0.007  -0.00652
-96.6100 39.1100     924  -0.547   0.485   0.008  -0.002  -0.05490
-96.6100 39.1100     925  -0.425   0.570   0.008   0.000   0.15329
-96.6100 39.1100     926  -0.458   0.566   0.007   0.000   0.11486
-96.6100 39.1100     927  -0.492   0.532   0.007   0.000   0.04676
-96.6100 39.1100     928  -0.513   0.480   0.007  -0.017  -0.04370
-96.6100 39.1100     929  -0.381   0.460   0.007   0.000   0.08683
-96.6100 39.1100     930  -0.501   0.493   0.012   0.000   0.00273
-96.6100 39.1100     931  -0.528   0.493   0.007  -0.002  -0.03057
-96.6100 39.1100     932  -0.619   0.456   0.007  -0.009  -0.16566
-96.6100 39.1100     933  -0.449   0.473   0.010   0.000   0.03370
-96.6100 39.1100     934  -0.517   0.542   0.009  -0.002   0.03233
-96.6100 39.1100     935  -0.468   0.466   0.010  -0.004   0.00265
-96.6100 39.1100     936  -0.458   0.427   0.008  -0.017  -0.04028
-96.6100 39.1100     937  -0.477   0.587   0.009   0.000   0.11835
-96.6100 39.1100     938  -0.439   0.476   0.010  -0.001   0.04625
-96.6100 39.1100     939  -0.663   0.469   0.007  -0.003  -0.18993
-96.6100 39.1100     940  -0.478   0.529   0.013  -0.006   0.05701
-96.6100 39.1100     941  -0.434   0.470   0.008  -0.017   0.02697
-96.6100 39.1100     942  -0.559   0.504   0.010  -0.002  -0.04761
-96.6100 39.1100     943  -0.499   0.522   0.007  -0.002   0.02725
-96.6100 39.1100     944  -0.568   0.527   0.007  -0.002  -0.03655
-96.6100 39.1100     945  -0.539   0.462   0.013  -0.002  -0.06516
-96.6100 39.1100     946  -0.563   0.568   0.007   0.000   0.01219
-96.6100 39.1100     947  -0.558   0.542   0.013  -0.020  -0.02261
-96.6100 39.1100     948  -0.480   0.509   0.007  -0.003   0.03334
-96.6100 39.1100     949  -0.470   0.517   0.009  -0.005   0.05163
-96.6100 39.1100     950  -0.473   0.567   0.007   0.000   0.10050
-96.6100 39.1100     951  -0.416   0.529   0.009  -0.004   0.11790
-96.6100 39.1100     952  -0.410   0.438   0.007   0.000   0.03418
-96.6100 39.1100     953  -0.471   0.471   0.007  -0.017  -0.01058
-96.6100 39.1100     954  -0.581   0.469   0.009   0.000  -0.10300
-96.6100 39.1100     955  -0.565   0.495   0.007  -0.016  -0.07876
-96.6100 39.1100     956  -0.345   0.456   0.010  -0.013   0.10717
-96.6100 39.1100     957  -0.608   0.500   0.007   0.000  -0.10102
-96.6100 39.1100     958  -0.406   0.436   0.011  -0.004   0.03744
-96.6100 39.1100     959  -0.489   0.443   0.012  -0.005  -0.03877
-96.6100 39.1100     960  -0.336   0.413   0.008  -0.024   0.06170
-96.6100 39.1100     961  -0.493   0.475   0.007   0.000  -0.01126
-96.6100 39.1100     962  -0.473   0.509   0.009   0.000   0.04464
-96.6100 39.1100     963  -0.420   0.583   0.008  -0.016   0.15511
-96.6100 39.1100     964  -0.388   0.472   0.006  -0.006   0.08539
-96.6100 39.1100     965  -0.489   0.460   0.008  -0.002  -0.02281
-96.6100 39.1100     966  -0.406   0.410   0.008  -0.002   0.01000
-96.6100 39.1100     967  -0.571   0.434   0.007  -0.002  -0.13179
-96.6100 39.1100     968  -0.446   0.447   0.011  -0.004   0.00852
-96.6100 39.1100     969  -0.485   0.517   0.007  -0.005   0.03497
-96.6100 39.1100     970  -0.438   0.428   0.007  -0.015  -0.01756
-96.6100 39.1100     971  -0.446   0.479   0.012  -0.023   0.02181
-96.6100 39.1100     972  -0.517   0.401   0.010   0.000  -0.10659
-96.6100 39.1100     973  -0.488   0.451   0.009  -0.009  -0.03638
-96.6100 39.1100     974  -0.502   0.489   0.007  -0.009  -0.01427
-96.6100 39.1100     975  -0.402   0.454   0.007  -0.016   0.04362
-96.6100 39.1100     976  -0.628   0.489   0.010   0.000  -0.13001
-96.6100 39.1100     977  -0.369   0.469   0.010   0.000   0.10936
-96.6100 39.1100     978  -0.503   0.511   0.007  -0.007   0.00820
-96.6100 39.1100     979  -0.474   0.538   0.009  -0.015   0.05788
-96.6100 39.1100     980  -0.512   0.427   0.007   0.000  -0.07792
-96.6100 39.1100     981  -0.389   0.434   0.011  -0.004   0.05254
-96.6100 39.1100     982  -0.508   0.511   0.010  -0.005   0.00908
-96.6100 39.1100     983  -0.492   0.482   0.007  -0.009  -0.01177
-96.6100 39.1100     984  -0.401   0.415   0.007  -0.003   0.01879
-96.6100 39.1100     985  -0.455   0.476   0.007   0.000   0.02863
-96.6100 39.1100     986  -0.479   0.476   0.007   0.000   0.00384
-96.6100 39.1100     987  -0.473   0.498   0.009  -0.012   0.02242
-96.6100 39.1100     988  -0.497   0.385   0.008   0.000  -0.10469
-96.6100 39.1100     989  -0.466   0.417   0.007  -0.004  -0.04443
-96.6100 39.1100     990  -0.435   0.436   0.012  -0.004   0.00928
-96.6100 39.1100     991  -0.518   0.445   0.011   0.000  -0.06095
-96.6100 39.1100     992  -0.521   0.498   0.007   0.000  -0.01549
-96.6100 39.1100     993  -0.503   0.483   0.007  -0.014  -0.02704
-96.6100 39.1100     994  -0.587   0.516   0.010  -0.000  -0.06141
-96.6100 39.1100     995  -0.599   0.545   0.008  -0.011  -0.05782
-96.6100 39.1100     996  -0.427   0.495   0.012  -0.004   0.07700
-96.6100 39.1100     997  -0.504   0.506   0.010  -0.002   0.00982
-96.6100 39.1100     998  -0.495   0.577   0.007  -0.006   0.08322
-96.6100 39.1100     999  -0.404   0.495   0.009  -0.005   0.09509
-96.6100 39.1100    1000  -0.445   0.425   0.008  -0.009  -0.02024
-96.6100 39.1100    1001  -0.536   0.411   0.010   0.000  -0.11450
-96.6100 39.1100    1002  -0.559   0.507   0.007  -0.004  -0.04881
-96.6100 39.1100    1003  -0.561   0.502   0.008  -0.006  -0.05748
-96.6100 39.1100    1004  -0.491   0.542   0.013   0.000   0.06415
-96.6100 39.1100    1005  -0.366   0.470   0.009   0.000   0.11346
-96.6100 39.1100    1006  -0.522   0.567   0.009  -0.021   0.03241
-96.6100 39.1100    1007  -0.321   0.455   0.007  -0.027   0.11377
-96.6100 39.1100    1008  -0.556   0.472   0.009   0.000  -0.07556
-96.6100 39.1100    1009  -0.431   0.427   0.007  -0.004  -0.00043
-96.6100 39.1100    1010  -0.500   0.481   0.013  -0.013  -0.01895
-96.6100 39.1100    1011  -0.425   0.435   0.007  -0.005   0.01220
-96.6100 39.1100    1012  -0.410   0.467   0.009  -0.004   0.06220
-96.6100 39.1100    1013  -0.611   0.517   0.006  -0.002  -0.08990
-96.6100 39.1100    1014  -0.460   0.483   0.009  -0.004   0.02778
-96.6100 39.1100    1015  -0.495   0.474   0.010  -0.003  -0.01413
-96.6100 39.1100    1016  -0.465   0.471   0.007  -0.003   0.00991
-96.6100 39.1100    1017  -0.596   0.544   0.012  -0.016  -0.05612
-96.6100 39.1100    1018  -0.453   0.446   0.010   0.000   0.00287
-96.6100 39.1100    1019  -0.525   0.556   0.007  -0.012   0.02538
-96.6100 39.1100    1020  -0.479   0.480   0.007  -0.009  -0.00079
-96.6100 39.1100    1021  -0.621   0.483   0.012   0.000  -0.12601
-96.6100 39.1100    1022  -0.440   0.472   0.008  -0.004   0.03581
-96.6100 39.1100    1023  -0.547   0.512   0.009  -0.005  -0.03012
-96.6100 39.1100    1024  -0.434   0.509   0.009  -0.015   0.06930
-96.6100 39.1100    1025  -0.477   0.493   0.011  -0.004   0.02283
-96.6100 39.1100    1026  -0.536   0.518   0.007  -0.007  -0.01810
-96.6100 39.1100    1027  -0.493   0.475   0.010  -0.021  -0.02905
-96.6100 39.1100    1028  -0.468   0.494   0.010   0.000   0.03601
-96.6100 39.1100    1029  -0.460   0.428   0.008  -0.006  -0.03070
-96.6100 39.1100    1030  -0.510   0.567   0.006  -0.002   0.06130
-96.6100 39.1100    1031  -0.460   0.474   0.009   0.000   0.02370
-96.6100 39.1100    1032  -0.439   0.513   0.009  -0.013   0.06939
-96.6100 39.1100    1033  -0.511   0.444   0.011  -0.004  -0.05855
-96.6100 39.1100    1034  -0.440   0.404   0.009  -0.006  -0.03300
-96.6100 39.1100    1035  -0.616   0.466   0.008   0.000  -0.14243
-96.6100 39.1100    1036  -0.730   0.517   0.011  -0.005  -0.20787
-96.6100 39.1100    1037  -0.590   0.529   0.008  -0.005  -0.05792
-96.6100 39.1100    1038  -0.562   0.589   0.008  -0.002   0.03310
-96.6100 39.1100    1039  -0.507   0.584   0.007   0.000   0.08457
-96.6100 39.1100    1040  -0.486   0.601   0.007   0.000   0.12173
-96.6100 39.1100    1041  -0.474   0.590   0.006   0.000   0.12181
-96.6100 39.1100    1042  -0.440   0.502   0.009   0.000   0.07158
-96.6100 39.1100    1043  -0.542   0.444   0.009  -0.012  -0.10041
-96.6100 39.1100    1044  -0.495   0.476   0.010  -0.007  -0.01621
-96.6100 39.1100    1045  -0.469   0.446   0.010  -0.002  -0.01543
-96.6100 39.1100    1046  -0.575   0.504   0.010   0.000  -0.06008
-96.6100 39.1100    1047  -0.342   0.480   0.010  -0.020   0.12786
-96.6100 39.1100    1048  -0.526   0.445   0.008   0.000  -0.07391
-96.6100 39.1100    1049  -0.442   0.479   0.007  -0.015   0.02850
-96.6100 39.1100    1050  -0.514   0.473   0.007   0.000  -0.03347
-96.6100 39.1100    1051  -0.439   0.479   0.007  -0.002   0.04574
-96.6100 39.1100    1052  -0.397   0.455   0.010  -0.017   0.05170
-96.6100 39.1100    1053  -0.544   0.532   0.009   0.000  -0.00339
-96.6100 39.1100    1054  -0.530   0.500   0.012  -0.005  -0.02271
-96.6100 39.1100    1055  -0.420   0.450   0.010  -0.007   0.03375
-96.6100 39.1100    1056  -0.569   0.425   0.010  -0.003  -0.13677
-96.6100 39.1100    1057  -0.574   0.532   0.012  -0.004  -0.03384
-96.6100 39.1100    1058  -0.501   0.449   0.015  -0.021  -0.05829
-96.6100 39.1100    1059  -0.405   0.540   0.009  -0.004   0.14036
-96.6100 39.1100    1060  -0.568   0.524   0.007  -0.015  -0.05251
-96.6100 39.1100    1061  -0.734   0.456   0.011  -0.002  -0.26977
-96.6100 39.1100    1062  -0.463   0.554   0.010   0.000   0.10090
-96.6100 39.1100    1063  -0.407   0.529   0.010  -0.006   0.12517
-96.6100 39.1100    1064  -0.324   0.458   0.007  -0.004   0.13702
-96.6100 39.1100    1065  -0.547   0.531   0.011  -0.002  -0.00729
-96.6100 39.1100    1066  -0.392   0.519   0.008  -0.012   0.12386
-96.6100 39.1100    1067  -0.548   0.451   0.007  -0.006  -0.09693
-96.6100 39.1100    1068  -0.426   0.481   0.009  -0.002   0.06169
-96.6100 39.1100    1069  -0.436   0.450   0.007  -0.005   0.01551
-96.6100 39.1100    1070  -0.594   0.473   0.009  -0.002  -0.11408
-96.6100 39.1100    1071  -0.381   0.472   0.007  -0.002   0.09487
-96.6100 39.1100    1072  -0.507   0.497   0.011  -0.001  -0.00033
-96.6100 39.1100    1073  -0.496   0.517   0.006  -0.005   0.02331
-96.6100 39.1100    1074  -0.479   0.416   0.007  -0.003  -0.05907
-96.6100 39.1100    1075  -0.465   0.516   0.009   0.000   0.05979
-96.6100 39.1100    1076  -0.370   0.484   0.009  -0.011   0.11127
-96.6100 39.1100    1077  -0.458   0.474   0.006  -0.004   0.01825
-96.6100 39.1100    1078  -0.494   0.488   0.009  -0.002   0.00092
-96.6100 39.1100    1079  -0.472   0.487   0.006   0.000   0.02117
-96.6100 39.1100    1080  -0.488   0.500   0.009  -0.005   0.01671
-96.6100 39.1100    1081  -0.469   0.421   0.007  -0.013  -0.05471
-96.6100 39.1100    1082  -0.410   0.481   0.007  -0.010   0.06700
-96.6100 39.1100    1083  -0.540   0.429   0.007   0.000  -0.10326
-96.6100 39.1100    1084  -0.620   0.497   0.007   0.000  -0.11675
-96.6100 39.1100    1085  -0.413   0.445   0.009  -0.000   0.04094
-96.6100 39.1100    1086  -0.505   0.446   0.012  -0.025  -0.07213
-96.6100 39.1100    1087  -0.528   0.522   0.007  -0.002  -0.00108
-96.6100 39.1100    1088  -0.475   0.535   0.009  -0.008   0.06156
-96.6100 39.1100    1089  -0.434   0.450   0.007   0.000   0.02340
-96.6100 39.1100    1090  -0.502   0.466   0.007  -0.005  -0.03272
-96.6100 39.1100    1091  -0.610   0.488   0.010   0.000  -0.11133
-96.6100 39.1100    1092  -0.559   0.526   0.012  -0.003  -0.02415
-96.6100 39.1100    1093  -0.528   0.472   0.011  -0.017  -0.06279
-96.6100 39.1100    1094  -0.486   0.484   0.013   0.000   0.01043
-96.6100 39.1100    1095  -0.542   0.497   0.010  -0.011  -0.04627
-96.6100 39.1100    1096  -0.593   0.539   0.010  -0.003  -0.04679
-96.6100 39.1100    1097  -0.472   0.489   0.010  -0.004   0.02281
-96.6100 39.1100    1098  -0.497   0.587   0.009  -0.007   0.09226
-96.6100 39.1100    1099  -0.484   0.527   0.007  -0.002   0.04767
-96.6100 39.1100    1100  -0.411   0.459   0.009  -0.014   0.04466
-96.6100 39.1100    1101  -0.651   0.581   0.006   0.000  -0.06444
-96.6100 39.1100    1102  -0.406   0.464   0.007  -0.004   0.06089
-96.6100 39.1100    1103  -0.408   0.429   0.007   0.000   0.02892
-96.6100 39.1100    1104  -0.460   0.566   0.008   0.000   0.11397
-96.6100 39.1100    1105  -0.441   0.505   0.006  -0.004   0.06537
-96.6100 39.1100    1106  -0.413   0.430   0.007  -0.001   0.02217
-96.6100 39.1100    1107  -0.439   0.435   0.006  -0.007  -0.00457
-96.6100 39.1100    1108  -0.477   0.397   0.009  -0.002  -0.07311
-96.6100 39.1100    1109  -0.571   0.492   0.009   0.000  -0.06994
-96.6100 39.1100    1110  -0.503   0.480   0.007  -0.006  -0.02183
-96.6100 39.1100    1111  -0.447   0.548   0.010  -0.004   0.10657
-96.6100 39.1100    1112  -0.423   0.388   0.011  -0.010  -0.03280
-96.6100 39.1100    1113  -0.532   0.457   0.007   0.000  -0.06833
-96.6100 39.1100    1114  -0.431   0.500   0.009  -0.015   0.06254
-96.6100 39.1100    1115  -0.486   0.495   0.007  -0.002   0.01386
-96.6100 39.1100    1116  -0.516   0.496   0.007  -0.002  -0.01540
-96.6100 39.1100    1117  -0.418   0.492   0.007   0.000   0.08085
-96.6100 39.1100    1118  -0.400   0.464   0.010   0.000   0.07414
-96.6100 39.1100    1119  -0.472   0.466   0.006  -0.004  -0.00407
-96.6100 39.1100    1120  -0.452   0.462   0.007  -0.003   0.01374
-96.6100 39.1100    1121  -0.461   0.437   0.008   0.000  -0.01563
-96.6100 39.1100    1122  -0.558   0.469   0.007  -0.005  -0.08688
-96.6100 39.1100    1123  -0.447   0.458   0.009  -0.003   0.01650
-96.6100 39.1100    1124  -0.495   0.520   0.007  -0.002   0.02890
-96.6100 39.1100    1125  -0.499   0.478   0.007  -0.012  -0.02602
-96.6100 39.1100    1126  -0.479   0.484   0.007   0.000   0.01141
-96.6100 39.1100    1127  -0.545   0.547   0.009   0.000   0.01086
-96.6100 39.1100    1128  -0.485   0.500   0.007  -0.003   0.01870
-96.6100 39.1100    1129  -0.501   0.520   0.007  -0.002   0.02375
-96.6100 39.1100    1130  -0.626   0.531   0.007  -0.017  -0.10527
-96.6100 39.1100    1131  -0.670   0.504   0.013   0.000  -0.15219
-96.6100 39.1100    1132  -0.534   0.497   0.007  -0.005  -0.03484
-96.6100 39.1100    1133  -0.482   0.529   0.006  -0.003   0.05037
-96.6100 39.1100    1134  -0.469   0.541   0.012  -0.009   0.07476
-96.6100 39.1100    1135  -0.412   0.530   0.008  -0.005   0.12116
-96.6100 39.1100    1136  -0.504   0.495   0.009  -0.005  -0.00469
-96.6100 39.1100    1137  -0.466   0.486   0.006  -0.005   0.02032
-96.6100 39.1100    1138  -0.536   0.518   0.009  -0.005  -0.01374
-96.6100 39.1100    1139  -0.581   0.489   0.010  -0.030  -0.11133
-96.6100 39.1100    1140  -0.676   0.531   0.007  -0.002  -0.13951
-96.6100 39.1100    1141  -0.631   0.537   0.010  -0.006  -0.08998
-96.6100 39.1100    1142  -0.467   0.556   0.010  -0.003   0.09584
-96.6100 39.1100    1143  -0.521   0.537   0.008  -0.004   0.01890
-96.6100 39.1100    1144  -0.478   0.529   0.010  -0.002   0.05835
-96.6100 39.1100    1145  -0.529   0.559   0.014   0.000   0.04427
-96.6100 39.1100    1146  -0.492   0.545   0.007  -0.007   0.05287
-96.6100 39.1100    1147  -0.438   0.524   0.007  -0.010   0.08196
-96.6100 39.1100    1148  -0.514   0.493   0.006   0.000  -0.01519
-96.6100 39.1100    1149  -0.490   0.464   0.007  -0.010  -0.02892
-96.6100 39.1100    1150  -0.545   0.512   0.006   0.000  -0.02596
-96.6100 39.1100    1151  -0.470   0.514   0.013   0.000   0.05736
-96.6100 39.1100    1152  -0.533   0.533   0.009  -0.006   0.00307
