     Lon     Lat    Year    ANGE    PAVI   Total
-96.6100 39.1100       0   0.000   0.000   0.000
-96.6100 39.1100       1   0.224   0.231   0.454
-96.6100 39.1100       2   0.293   0.283   0.576
-96.6100 39.1100       3   0.233   0.215   0.447
-96.6100 39.1100       4   0.327   0.270   0.596
-96.6100 39.1100       5   0.334   0.226   0.560
-96.6100 39.1100       6   0.471   0.274   0.745
-96.6100 39.1100       7   0.375   0.189   0.564
-96.6100 39.1100       8   0.402   0.169   0.571
-96.6100 39.1100       9   0.393   0.130   0.524
-96.6100 39.1100      10   0.463   0.101   0.564
-96.6100 39.1100      11   0.493   0.006   0.499
-96.6100 39.1100      12   0.619   0.020   0.639
-96.6100 39.1100      13   0.732   0.011   0.743
-96.6100 39.1100      14   0.820   0.010   0.830
-96.6100 39.1100      15   0.717   0.017   0.734
-96.6100 39.1100      16   0.549   0.017   0.567
-96.6100 39.1100      17   0.595   0.026   0.621
-96.6100 39.1100      18   0.737   0.053   0.789
-96.6100 39.1100      19   0.813   0.032   0.845
-96.6100 39.1100      20   0.642   0.031   0.673
-96.6100 39.1100      21   0.658   0.033   0.691
-96.6100 39.1100      22   0.691   0.042   0.733
-96.6100 39.1100      23   0.732   0.037   0.769
-96.6100 39.1100      24   0.689   0.043   0.732
-96.6100 39.1100      25   0.562   0.035   0.597
-96.6100 39.1100      26   0.581   0.041   0.622
-96.6100 39.1100      27   0.518   0.041   0.559
-96.6100 39.1100      28   0.562   0.044   0.606
-96.6100 39.1100      29   0.627   0.053   0.679
-96.6100 39.1100      30   0.514   0.048   0.562
-96.6100 39.1100      31   0.499   0.058   0.557
-96.6100 39.1100      32   0.463   0.067   0.530
-96.6100 39.1100      33   0.614   0.064   0.678
-96.6100 39.1100      34   0.626   0.064   0.690
-96.6100 39.1100      35   0.610   0.062   0.673
-96.6100 39.1100      36   0.657   0.080   0.737
-96.6100 39.1100      37   0.630   0.054   0.684
-96.6100 39.1100      38   0.634   0.062   0.696
-96.6100 39.1100      39   0.586   0.066   0.652
-96.6100 39.1100      40   0.603   0.071   0.674
-96.6100 39.1100      41   0.596   0.071   0.666
-96.6100 39.1100      42   0.529   0.063   0.592
-96.6100 39.1100      43   0.541   0.081   0.622
-96.6100 39.1100      44   0.687   0.068   0.756
-96.6100 39.1100      45   0.484   0.053   0.537
-96.6100 39.1100      46   0.597   0.069   0.666
-96.6100 39.1100      47   0.626   0.072   0.699
-96.6100 39.1100      48   0.618   0.075   0.692
-96.6100 39.1100      49   0.677   0.084   0.761
-96.6100 39.1100      50   0.709   0.069   0.778
-96.6100 39.1100      51   0.654   0.075   0.730
-96.6100 39.1100      52   0.610   0.078   0.688
-96.6100 39.1100      53   0.610   0.094   0.704
-96.6100 39.1100      54   0.717   0.079   0.796
-96.6100 39.1100      55   0.568   0.097   0.665
-96.6100 39.1100      56   0.617   0.078   0.695
-96.6100 39.1100      57   0.547   0.076   0.623
-96.6100 39.1100      58   0.564   0.074   0.638
-96.6100 39.1100      59   0.625   0.088   0.714
-96.6100 39.1100      60   0.742   0.086   0.828
-96.6100 39.1100      61   0.571   0.065   0.636
-96.6100 39.1100      62   0.489   0.055   0.545
-96.6100 39.1100      63   0.611   0.060   0.670
-96.6100 39.1100      64   0.682   0.061   0.742
-96.6100 39.1100      65   0.584   0.052   0.636
-96.6100 39.1100      66   0.576   0.055   0.630
-96.6100 39.1100      67   0.565   0.056   0.621
-96.6100 39.1100      68   0.518   0.059   0.578
-96.6100 39.1100      69   0.481   0.047   0.529
-96.6100 39.1100      70   0.552   0.054   0.606
-96.6100 39.1100      71   0.607   0.057   0.663
-96.6100 39.1100      72   0.601   0.066   0.667
-96.6100 39.1100      73   0.715   0.058   0.773
-96.6100 39.1100      74   0.807   0.059   0.866
-96.6100 39.1100      75   0.671   0.057   0.728
-96.6100 39.1100      76   0.630   0.056   0.686
-96.6100 39.1100      77   0.653   0.060   0.713
-96.6100 39.1100      78   0.640   0.076   0.716
-96.6100 39.1100      79   0.666   0.054   0.720
-96.6100 39.1100      80   0.553   0.057   0.610
-96.6100 39.1100      81   0.538   0.064   0.603
-96.6100 39.1100      82   0.545   0.071   0.616
-96.6100 39.1100      83   0.543   0.079   0.621
-96.6100 39.1100      84   0.620   0.096   0.716
-96.6100 39.1100      85   0.535   0.095   0.630
-96.6100 39.1100      86   0.502   0.084   0.586
-96.6100 39.1100      87   0.495   0.087   0.582
-96.6100 39.1100      88   0.502   0.081   0.583
-96.6100 39.1100      89   0.544   0.095   0.638
-96.6100 39.1100      90   0.553   0.090   0.644
-96.6100 39.1100      91   0.544   0.084   0.628
-96.6100 39.1100      92   0.556   0.087   0.642
-96.6100 39.1100      93   0.557   0.077   0.634
-96.6100 39.1100      94   0.601   0.086   0.687
-96.6100 39.1100      95   0.588   0.081   0.669
-96.6100 39.1100      96   0.496   0.075   0.571
-96.6100 39.1100      97   0.498   0.077   0.575
-96.6100 39.1100      98   0.634   0.107   0.741
-96.6100 39.1100      99   0.611   0.102   0.713
-96.6100 39.1100     100   0.530   0.086   0.616
-96.6100 39.1100     101   0.563   0.082   0.645
-96.6100 39.1100     102   0.551   0.076   0.627
-96.6100 39.1100     103   0.536   0.068   0.603
-96.6100 39.1100     104   0.496   0.058   0.554
-96.6100 39.1100     105   0.562   0.067   0.629
-96.6100 39.1100     106   0.533   0.062   0.595
-96.6100 39.1100     107   0.480   0.066   0.546
-96.6100 39.1100     108   0.697   0.070   0.766
-96.6100 39.1100     109   0.592   0.088   0.681
-96.6100 39.1100     110   0.626   0.061   0.687
-96.6100 39.1100     111   0.564   0.063   0.627
-96.6100 39.1100     112   0.504   0.065   0.569
-96.6100 39.1100     113   0.459   0.055   0.513
-96.6100 39.1100     114   0.493   0.060   0.553
-96.6100 39.1100     115   0.527   0.069   0.596
-96.6100 39.1100     116   0.521   0.078   0.600
-96.6100 39.1100     117   0.478   0.068   0.546
-96.6100 39.1100     118   0.531   0.084   0.615
-96.6100 39.1100     119   0.497   0.076   0.573
-96.6100 39.1100     120   0.478   0.070   0.548
-96.6100 39.1100     121   0.529   0.082   0.611
-96.6100 39.1100     122   0.513   0.124   0.637
-96.6100 39.1100     123   0.511   0.082   0.592
-96.6100 39.1100     124   0.556   0.096   0.652
-96.6100 39.1100     125   0.475   0.101   0.575
-96.6100 39.1100     126   0.526   0.103   0.629
-96.6100 39.1100     127   0.538   0.106   0.644
-96.6100 39.1100     128   0.530   0.124   0.654
-96.6100 39.1100     129   0.485   0.107   0.593
-96.6100 39.1100     130   0.514   0.110   0.624
-96.6100 39.1100     131   0.531   0.115   0.646
-96.6100 39.1100     132   0.553   0.114   0.667
-96.6100 39.1100     133   0.494   0.101   0.594
-96.6100 39.1100     134   0.425   0.082   0.506
-96.6100 39.1100     135   0.546   0.108   0.653
-96.6100 39.1100     136   0.528   0.110   0.638
-96.6100 39.1100     137   0.521   0.104   0.625
-96.6100 39.1100     138   0.484   0.081   0.565
-96.6100 39.1100     139   0.552   0.081   0.634
-96.6100 39.1100     140   0.569   0.095   0.664
-96.6100 39.1100     141   0.576   0.079   0.656
-96.6100 39.1100     142   0.591   0.077   0.669
-96.6100 39.1100     143   0.594   0.076   0.671
-96.6100 39.1100     144   0.587   0.072   0.659
-96.6100 39.1100     145   0.561   0.070   0.631
-96.6100 39.1100     146   0.483   0.060   0.543
-96.6100 39.1100     147   0.517   0.060   0.578
-96.6100 39.1100     148   0.545   0.053   0.599
-96.6100 39.1100     149   0.592   0.062   0.654
-96.6100 39.1100     150   0.514   0.065   0.579
-96.6100 39.1100     151   0.539   0.070   0.609
-96.6100 39.1100     152   0.512   0.073   0.585
-96.6100 39.1100     153   0.603   0.114   0.717
-96.6100 39.1100     154   0.706   0.098   0.804
-96.6100 39.1100     155   0.560   0.080   0.641
-96.6100 39.1100     156   0.457   0.072   0.530
-96.6100 39.1100     157   0.507   0.091   0.598
-96.6100 39.1100     158   0.490   0.087   0.577
-96.6100 39.1100     159   0.506   0.075   0.582
-96.6100 39.1100     160   0.525   0.082   0.608
-96.6100 39.1100     161   0.496   0.086   0.582
-96.6100 39.1100     162   0.602   0.086   0.688
-96.6100 39.1100     163   0.565   0.082   0.647
-96.6100 39.1100     164   0.539   0.074   0.613
-96.6100 39.1100     165   0.545   0.078   0.624
-96.6100 39.1100     166   0.480   0.085   0.565
-96.6100 39.1100     167   0.505   0.090   0.596
-96.6100 39.1100     168   0.550   0.088   0.638
-96.6100 39.1100     169   0.654   0.110   0.764
-96.6100 39.1100     170   0.684   0.121   0.805
-96.6100 39.1100     171   0.669   0.088   0.757
-96.6100 39.1100     172   0.560   0.091   0.651
-96.6100 39.1100     173   0.624   0.088   0.712
-96.6100 39.1100     174   0.699   0.089   0.788
-96.6100 39.1100     175   0.646   0.082   0.728
-96.6100 39.1100     176   0.660   0.119   0.779
-96.6100 39.1100     177   0.781   0.116   0.897
-96.6100 39.1100     178   0.588   0.102   0.690
-96.6100 39.1100     179   0.564   0.087   0.651
-96.6100 39.1100     180   0.529   0.086   0.615
-96.6100 39.1100     181   0.496   0.084   0.580
-96.6100 39.1100     182   0.478   0.078   0.556
-96.6100 39.1100     183   0.503   0.093   0.596
-96.6100 39.1100     184   0.521   0.101   0.622
-96.6100 39.1100     185   0.608   0.097   0.705
-96.6100 39.1100     186   0.696   0.105   0.802
-96.6100 39.1100     187   0.556   0.102   0.658
-96.6100 39.1100     188   0.530   0.087   0.617
-96.6100 39.1100     189   0.496   0.079   0.575
-96.6100 39.1100     190   0.505   0.075   0.581
-96.6100 39.1100     191   0.550   0.073   0.623
-96.6100 39.1100     192   0.574   0.080   0.654
-96.6100 39.1100     193   0.502   0.066   0.568
-96.6100 39.1100     194   0.530   0.064   0.593
-96.6100 39.1100     195   0.494   0.062   0.557
-96.6100 39.1100     196   0.567   0.069   0.636
-96.6100 39.1100     197   0.491   0.063   0.555
-96.6100 39.1100     198   0.441   0.056   0.497
-96.6100 39.1100     199   0.485   0.063   0.548
-96.6100 39.1100     200   0.501   0.073   0.574
-96.6100 39.1100     201   0.462   0.070   0.532
-96.6100 39.1100     202   0.511   0.069   0.580
-96.6100 39.1100     203   0.546   0.084   0.629
-96.6100 39.1100     204   0.592   0.079   0.671
-96.6100 39.1100     205   0.437   0.062   0.499
-96.6100 39.1100     206   0.569   0.069   0.638
-96.6100 39.1100     207   0.571   0.079   0.649
-96.6100 39.1100     208   0.688   0.100   0.788
-96.6100 39.1100     209   0.583   0.083   0.666
-96.6100 39.1100     210   0.610   0.071   0.681
-96.6100 39.1100     211   0.614   0.077   0.691
-96.6100 39.1100     212   0.532   0.075   0.607
-96.6100 39.1100     213   0.738   0.082   0.820
-96.6100 39.1100     214   0.523   0.065   0.588
-96.6100 39.1100     215   0.587   0.065   0.652
-96.6100 39.1100     216   0.613   0.073   0.686
-96.6100 39.1100     217   0.550   0.081   0.631
-96.6100 39.1100     218   0.657   0.064   0.721
-96.6100 39.1100     219   0.600   0.061   0.661
-96.6100 39.1100     220   0.574   0.060   0.634
-96.6100 39.1100     221   0.582   0.077   0.658
-96.6100 39.1100     222   0.553   0.072   0.624
-96.6100 39.1100     223   0.676   0.090   0.766
-96.6100 39.1100     224   0.647   0.060   0.707
-96.6100 39.1100     225   0.557   0.061   0.618
-96.6100 39.1100     226   0.601   0.059   0.660
-96.6100 39.1100     227   0.616   0.062   0.678
-96.6100 39.1100     228   0.546   0.063   0.609
-96.6100 39.1100     229   0.553   0.061   0.614
-96.6100 39.1100     230   0.616   0.085   0.701
-96.6100 39.1100     231   0.665   0.068   0.732
-96.6100 39.1100     232   0.513   0.067   0.580
-96.6100 39.1100     233   0.613   0.064   0.677
-96.6100 39.1100     234   0.713   0.072   0.785
-96.6100 39.1100     235   0.573   0.063   0.636
-96.6100 39.1100     236   0.503   0.055   0.559
-96.6100 39.1100     237   0.592   0.059   0.651
-96.6100 39.1100     238   0.540   0.051   0.591
-96.6100 39.1100     239   0.553   0.056   0.609
-96.6100 39.1100     240   0.487   0.052   0.539
-96.6100 39.1100     241   0.638   0.082   0.719
-96.6100 39.1100     242   0.691   0.062   0.753
-96.6100 39.1100     243   0.601   0.062   0.663
-96.6100 39.1100     244   0.586   0.069   0.656
-96.6100 39.1100     245   0.573   0.076   0.649
-96.6100 39.1100     246   0.517   0.065   0.582
-96.6100 39.1100     247   0.561   0.070   0.631
-96.6100 39.1100     248   0.496   0.057   0.553
-96.6100 39.1100     249   0.565   0.063   0.628
-96.6100 39.1100     250   0.569   0.062   0.631
-96.6100 39.1100     251   0.529   0.056   0.585
-96.6100 39.1100     252   0.671   0.073   0.744
-96.6100 39.1100     253   0.533   0.068   0.602
-96.6100 39.1100     254   0.596   0.081   0.677
-96.6100 39.1100     255   0.551   0.074   0.626
-96.6100 39.1100     256   0.512   0.065   0.577
-96.6100 39.1100     257   0.522   0.068   0.591
-96.6100 39.1100     258   0.552   0.087   0.639
-96.6100 39.1100     259   0.690   0.077   0.767
-96.6100 39.1100     260   0.613   0.078   0.692
-96.6100 39.1100     261   0.559   0.074   0.632
-96.6100 39.1100     262   0.575   0.073   0.647
-96.6100 39.1100     263   0.530   0.064   0.594
-96.6100 39.1100     264   0.487   0.064   0.551
-96.6100 39.1100     265   0.497   0.064   0.561
-96.6100 39.1100     266   0.520   0.066   0.586
-96.6100 39.1100     267   0.598   0.075   0.673
-96.6100 39.1100     268   0.556   0.068   0.624
-96.6100 39.1100     269   0.560   0.072   0.632
-96.6100 39.1100     270   0.560   0.068   0.628
-96.6100 39.1100     271   0.567   0.078   0.645
-96.6100 39.1100     272   0.523   0.074   0.597
-96.6100 39.1100     273   0.562   0.079   0.641
-96.6100 39.1100     274   0.565   0.096   0.661
-96.6100 39.1100     275   0.770   0.088   0.858
-96.6100 39.1100     276   0.555   0.074   0.629
-96.6100 39.1100     277   0.487   0.060   0.547
-96.6100 39.1100     278   0.573   0.062   0.635
-96.6100 39.1100     279   0.604   0.072   0.676
-96.6100 39.1100     280   0.725   0.075   0.800
-96.6100 39.1100     281   0.598   0.069   0.667
-96.6100 39.1100     282   0.663   0.066   0.729
-96.6100 39.1100     283   0.637   0.067   0.704
-96.6100 39.1100     284   0.585   0.056   0.641
-96.6100 39.1100     285   0.580   0.059   0.639
-96.6100 39.1100     286   0.606   0.069   0.675
-96.6100 39.1100     287   0.573   0.070   0.643
-96.6100 39.1100     288   0.603   0.076   0.679
-96.6100 39.1100     289   0.594   0.076   0.671
-96.6100 39.1100     290   0.636   0.083   0.719
-96.6100 39.1100     291   0.510   0.067   0.577
-96.6100 39.1100     292   0.658   0.068   0.726
-96.6100 39.1100     293   0.654   0.073   0.727
-96.6100 39.1100     294   0.618   0.063   0.681
-96.6100 39.1100     295   0.504   0.062   0.566
-96.6100 39.1100     296   0.571   0.071   0.643
-96.6100 39.1100     297   0.603   0.088   0.692
-96.6100 39.1100     298   0.679   0.077   0.756
-96.6100 39.1100     299   0.664   0.073   0.737
-96.6100 39.1100     300   0.725   0.083   0.808
-96.6100 39.1100     301   0.594   0.086   0.681
-96.6100 39.1100     302   0.652   0.092   0.745
-96.6100 39.1100     303   0.561   0.092   0.653
-96.6100 39.1100     304   0.526   0.092   0.618
-96.6100 39.1100     305   0.539   0.094   0.633
-96.6100 39.1100     306   0.502   0.096   0.598
-96.6100 39.1100     307   0.594   0.092   0.686
-96.6100 39.1100     308   0.565   0.108   0.673
-96.6100 39.1100     309   0.520   0.097   0.617
-96.6100 39.1100     310   0.538   0.104   0.642
-96.6100 39.1100     311   0.466   0.078   0.544
-96.6100 39.1100     312   0.492   0.086   0.578
-96.6100 39.1100     313   0.503   0.083   0.586
-96.6100 39.1100     314   0.592   0.096   0.689
-96.6100 39.1100     315   0.564   0.081   0.645
-96.6100 39.1100     316   0.491   0.070   0.562
-96.6100 39.1100     317   0.540   0.087   0.627
-96.6100 39.1100     318   0.495   0.084   0.579
-96.6100 39.1100     319   0.494   0.088   0.582
-96.6100 39.1100     320   0.596   0.109   0.705
-96.6100 39.1100     321   0.667   0.101   0.767
-96.6100 39.1100     322   0.613   0.087   0.701
-96.6100 39.1100     323   0.538   0.077   0.614
-96.6100 39.1100     324   0.512   0.079   0.591
-96.6100 39.1100     325   0.516   0.091   0.607
-96.6100 39.1100     326   0.533   0.093   0.626
-96.6100 39.1100     327   0.524   0.094   0.618
-96.6100 39.1100     328   0.513   0.079   0.592
-96.6100 39.1100     329   0.532   0.087   0.619
-96.6100 39.1100     330   0.516   0.081   0.597
-96.6100 39.1100     331   0.506   0.074   0.580
-96.6100 39.1100     332   0.471   0.084   0.555
-96.6100 39.1100     333   0.532   0.127   0.659
-96.6100 39.1100     334   0.646   0.105   0.751
-96.6100 39.1100     335   0.586   0.092   0.678
-96.6100 39.1100     336   0.547   0.094   0.641
-96.6100 39.1100     337   0.704   0.092   0.795
-96.6100 39.1100     338   0.647   0.081   0.729
-96.6100 39.1100     339   0.580   0.094   0.674
-96.6100 39.1100     340   0.525   0.089   0.613
-96.6100 39.1100     341   0.436   0.076   0.512
-96.6100 39.1100     342   0.538   0.081   0.619
-96.6100 39.1100     343   0.605   0.103   0.708
-96.6100 39.1100     344   0.704   0.092   0.796
-96.6100 39.1100     345   0.527   0.083   0.610
-96.6100 39.1100     346   0.527   0.081   0.608
-96.6100 39.1100     347   0.566   0.094   0.659
-96.6100 39.1100     348   0.576   0.097   0.672
-96.6100 39.1100     349   0.548   0.091   0.639
-96.6100 39.1100     350   0.516   0.082   0.598
-96.6100 39.1100     351   0.535   0.088   0.623
-96.6100 39.1100     352   0.445   0.070   0.515
-96.6100 39.1100     353   0.588   0.074   0.662
-96.6100 39.1100     354   0.600   0.069   0.669
-96.6100 39.1100     355   0.674   0.096   0.769
-96.6100 39.1100     356   0.603   0.097   0.700
-96.6100 39.1100     357   0.612   0.097   0.709
-96.6100 39.1100     358   0.520   0.083   0.602
-96.6100 39.1100     359   0.600   0.086   0.686
-96.6100 39.1100     360   0.508   0.080   0.588
-96.6100 39.1100     361   0.512   0.080   0.593
-96.6100 39.1100     362   0.630   0.116   0.746
-96.6100 39.1100     363   0.436   0.100   0.536
-96.6100 39.1100     364   0.517   0.088   0.605
-96.6100 39.1100     365   0.521   0.086   0.607
-96.6100 39.1100     366   0.511   0.088   0.599
-96.6100 39.1100     367   0.533   0.087   0.620
-96.6100 39.1100     368   0.592   0.105   0.697
-96.6100 39.1100     369   0.608   0.131   0.739
-96.6100 39.1100     370   0.703   0.125   0.828
-96.6100 39.1100     371   0.547   0.099   0.646
-96.6100 39.1100     372   0.523   0.098   0.621
-96.6100 39.1100     373   0.546   0.101   0.646
-96.6100 39.1100     374   0.556   0.098   0.654
-96.6100 39.1100     375   0.505   0.080   0.585
-96.6100 39.1100     376   0.548   0.083   0.631
-96.6100 39.1100     377   0.507   0.077   0.584
-96.6100 39.1100     378   0.464   0.084   0.548
-96.6100 39.1100     379   0.446   0.085   0.531
-96.6100 39.1100     380   0.571   0.086   0.658
-96.6100 39.1100     381   0.773   0.117   0.890
-96.6100 39.1100     382   0.572   0.129   0.701
-96.6100 39.1100     383   0.600   0.104   0.703
-96.6100 39.1100     384   0.529   0.090   0.620
-96.6100 39.1100     385   0.488   0.080   0.568
-96.6100 39.1100     386   0.604   0.110   0.714
-96.6100 39.1100     387   0.566   0.099   0.665
-96.6100 39.1100     388   0.534   0.089   0.624
-96.6100 39.1100     389   0.469   0.084   0.553
-96.6100 39.1100     390   0.666   0.109   0.775
-96.6100 39.1100     391   0.564   0.102   0.665
-96.6100 39.1100     392   0.520   0.100   0.620
-96.6100 39.1100     393   0.494   0.098   0.591
-96.6100 39.1100     394   0.505   0.109   0.614
-96.6100 39.1100     395   0.519   0.130   0.649
-96.6100 39.1100     396   0.641   0.111   0.752
-96.6100 39.1100     397   0.607   0.110   0.718
-96.6100 39.1100     398   0.486   0.102   0.587
-96.6100 39.1100     399   0.562   0.104   0.667
-96.6100 39.1100     400   0.590   0.109   0.699
-96.6100 39.1100     401   0.523   0.115   0.638
-96.6100 39.1100     402   0.429   0.100   0.529
-96.6100 39.1100     403   0.432   0.099   0.531
-96.6100 39.1100     404   0.459   0.108   0.567
-96.6100 39.1100     405   0.481   0.115   0.596
-96.6100 39.1100     406   0.492   0.125   0.617
-96.6100 39.1100     407   0.477   0.121   0.598
-96.6100 39.1100     408   0.445   0.116   0.560
-96.6100 39.1100     409   0.436   0.128   0.563
-96.6100 39.1100     410   0.506   0.107   0.613
-96.6100 39.1100     411   0.542   0.107   0.649
-96.6100 39.1100     412   0.650   0.109   0.759
-96.6100 39.1100     413   0.436   0.089   0.524
-96.6100 39.1100     414   0.463   0.096   0.559
-96.6100 39.1100     415   0.489   0.095   0.584
-96.6100 39.1100     416   0.483   0.098   0.581
-96.6100 39.1100     417   0.480   0.100   0.580
-96.6100 39.1100     418   0.475   0.097   0.572
-96.6100 39.1100     419   0.494   0.095   0.589
-96.6100 39.1100     420   0.553   0.130   0.683
-96.6100 39.1100     421   0.483   0.117   0.600
-96.6100 39.1100     422   0.454   0.111   0.565
-96.6100 39.1100     423   0.473   0.120   0.593
-96.6100 39.1100     424   0.447   0.118   0.565
-96.6100 39.1100     425   0.470   0.121   0.591
-96.6100 39.1100     426   0.462   0.133   0.595
-96.6100 39.1100     427   0.474   0.140   0.614
-96.6100 39.1100     428   0.497   0.150   0.647
-96.6100 39.1100     429   0.510   0.148   0.658
-96.6100 39.1100     430   0.533   0.154   0.687
-96.6100 39.1100     431   0.489   0.127   0.616
-96.6100 39.1100     432   0.391   0.098   0.489
-96.6100 39.1100     433   0.427   0.112   0.539
-96.6100 39.1100     434   0.420   0.115   0.534
-96.6100 39.1100     435   0.458   0.130   0.588
-96.6100 39.1100     436   0.503   0.140   0.643
-96.6100 39.1100     437   0.502   0.163   0.665
-96.6100 39.1100     438   0.617   0.144   0.761
-96.6100 39.1100     439   0.677   0.140   0.816
-96.6100 39.1100     440   0.446   0.126   0.572
-96.6100 39.1100     441   0.526   0.117   0.643
-96.6100 39.1100     442   0.385   0.128   0.513
-96.6100 39.1100     443   0.448   0.116   0.564
-96.6100 39.1100     444   0.441   0.130   0.572
-96.6100 39.1100     445   0.604   0.154   0.758
-96.6100 39.1100     446   0.523   0.127   0.650
-96.6100 39.1100     447   0.462   0.109   0.571
-96.6100 39.1100     448   0.458   0.130   0.588
-96.6100 39.1100     449   0.425   0.134   0.559
-96.6100 39.1100     450   0.473   0.133   0.606
-96.6100 39.1100     451   0.414   0.119   0.533
-96.6100 39.1100     452   0.447   0.131   0.579
-96.6100 39.1100     453   0.458   0.136   0.594
-96.6100 39.1100     454   0.410   0.145   0.555
-96.6100 39.1100     455   0.510   0.152   0.663
-96.6100 39.1100     456   0.436   0.124   0.560
-96.6100 39.1100     457   0.426   0.125   0.550
-96.6100 39.1100     458   0.454   0.160   0.614
-96.6100 39.1100     459   0.451   0.167   0.618
-96.6100 39.1100     460   0.446   0.144   0.591
-96.6100 39.1100     461   0.429   0.136   0.565
-96.6100 39.1100     462   0.439   0.152   0.591
-96.6100 39.1100     463   0.433   0.159   0.592
-96.6100 39.1100     464   0.490   0.198   0.688
-96.6100 39.1100     465   0.454   0.188   0.642
-96.6100 39.1100     466   0.494   0.188   0.682
-96.6100 39.1100     467   0.469   0.180   0.648
-96.6100 39.1100     468   0.472   0.180   0.652
-96.6100 39.1100     469   0.425   0.162   0.587
-96.6100 39.1100     470   0.517   0.172   0.689
-96.6100 39.1100     471   0.427   0.144   0.571
-96.6100 39.1100     472   0.467   0.137   0.605
-96.6100 39.1100     473   0.413   0.138   0.550
-96.6100 39.1100     474   0.442   0.142   0.583
-96.6100 39.1100     475   0.462   0.153   0.614
-96.6100 39.1100     476   0.413   0.170   0.583
-96.6100 39.1100     477   0.498   0.154   0.652
-96.6100 39.1100     478   0.421   0.147   0.569
-96.6100 39.1100     479   0.448   0.166   0.614
-96.6100 39.1100     480   0.429   0.154   0.584
-96.6100 39.1100     481   0.456   0.165   0.621
-96.6100 39.1100     482   0.434   0.145   0.579
-96.6100 39.1100     483   0.469   0.120   0.590
-96.6100 39.1100     484   0.435   0.116   0.551
-96.6100 39.1100     485   0.435   0.141   0.576
-96.6100 39.1100     486   0.580   0.147   0.727
-96.6100 39.1100     487   0.638   0.143   0.782
-96.6100 39.1100     488   0.515   0.136   0.651
-96.6100 39.1100     489   0.566   0.148   0.714
-96.6100 39.1100     490   0.471   0.126   0.598
-96.6100 39.1100     491   0.529   0.148   0.678
-96.6100 39.1100     492   0.421   0.128   0.550
-96.6100 39.1100     493   0.566   0.156   0.722
-96.6100 39.1100     494   0.496   0.169   0.665
-96.6100 39.1100     495   0.470   0.151   0.621
-96.6100 39.1100     496   0.445   0.155   0.600
-96.6100 39.1100     497   0.447   0.146   0.593
-96.6100 39.1100     498   0.502   0.135   0.637
-96.6100 39.1100     499   0.490   0.152   0.642
-96.6100 39.1100     500   0.459   0.144   0.603
-96.6100 39.1100     501   0.671   0.186   0.857
-96.6100 39.1100     502   0.521   0.158   0.679
-96.6100 39.1100     503   0.501   0.154   0.654
-96.6100 39.1100     504   0.495   0.153   0.647
-96.6100 39.1100     505   0.606   0.165   0.770
-96.6100 39.1100     506   0.476   0.133   0.609
-96.6100 39.1100     507   0.534   0.141   0.674
-96.6100 39.1100     508   0.539   0.143   0.682
-96.6100 39.1100     509   0.606   0.160   0.766
-96.6100 39.1100     510   0.567   0.155   0.723
-96.6100 39.1100     511   0.473   0.143   0.615
-96.6100 39.1100     512   0.445   0.152   0.597
-96.6100 39.1100     513   0.533   0.152   0.685
-96.6100 39.1100     514   0.496   0.164   0.660
-96.6100 39.1100     515   0.502   0.169   0.671
-96.6100 39.1100     516   0.427   0.140   0.568
-96.6100 39.1100     517   0.479   0.160   0.638
-96.6100 39.1100     518   0.631   0.184   0.815
-96.6100 39.1100     519   0.507   0.197   0.705
-96.6100 39.1100     520   0.567   0.179   0.746
-96.6100 39.1100     521   0.631   0.187   0.817
-96.6100 39.1100     522   0.541   0.179   0.720
-96.6100 39.1100     523   0.494   0.173   0.667
-96.6100 39.1100     524   0.469   0.182   0.650
-96.6100 39.1100     525   0.441   0.134   0.575
-96.6100 39.1100     526   0.414   0.128   0.542
-96.6100 39.1100     527   0.429   0.139   0.568
-96.6100 39.1100     528   0.436   0.165   0.601
-96.6100 39.1100     529   0.490   0.121   0.611
-96.6100 39.1100     530   0.601   0.136   0.737
-96.6100 39.1100     531   0.476   0.123   0.599
-96.6100 39.1100     532   0.516   0.150   0.666
-96.6100 39.1100     533   0.486   0.161   0.647
-96.6100 39.1100     534   0.537   0.154   0.691
-96.6100 39.1100     535   0.511   0.136   0.647
-96.6100 39.1100     536   0.482   0.136   0.618
-96.6100 39.1100     537   0.502   0.133   0.635
-96.6100 39.1100     538   0.512   0.159   0.671
-96.6100 39.1100     539   0.495   0.163   0.659
-96.6100 39.1100     540   0.471   0.165   0.636
-96.6100 39.1100     541   0.481   0.190   0.671
-96.6100 39.1100     542   0.533   0.161   0.694
-96.6100 39.1100     543   0.589   0.184   0.773
-96.6100 39.1100     544   0.525   0.165   0.691
-96.6100 39.1100     545   0.489   0.161   0.650
-96.6100 39.1100     546   0.481   0.164   0.646
-96.6100 39.1100     547   0.397   0.149   0.546
-96.6100 39.1100     548   0.371   0.163   0.534
-96.6100 39.1100     549   0.480   0.192   0.672
-96.6100 39.1100     550   0.494   0.130   0.623
-96.6100 39.1100     551   0.461   0.126   0.587
-96.6100 39.1100     552   0.469   0.144   0.613
-96.6100 39.1100     553   0.501   0.158   0.659
-96.6100 39.1100     554   0.535   0.178   0.713
-96.6100 39.1100     555   0.499   0.177   0.676
-96.6100 39.1100     556   0.390   0.138   0.528
-96.6100 39.1100     557   0.491   0.154   0.645
-96.6100 39.1100     558   0.535   0.162   0.696
-96.6100 39.1100     559   0.540   0.152   0.692
-96.6100 39.1100     560   0.550   0.182   0.732
-96.6100 39.1100     561   0.595   0.183   0.779
-96.6100 39.1100     562   0.505   0.164   0.669
-96.6100 39.1100     563   0.501   0.162   0.663
-96.6100 39.1100     564   0.487   0.165   0.652
-96.6100 39.1100     565   0.422   0.156   0.578
-96.6100 39.1100     566   0.409   0.141   0.550
-96.6100 39.1100     567   0.437   0.161   0.597
-96.6100 39.1100     568   0.464   0.155   0.619
-96.6100 39.1100     569   0.568   0.187   0.755
-96.6100 39.1100     570   0.454   0.145   0.598
-96.6100 39.1100     571   0.449   0.134   0.583
-96.6100 39.1100     572   0.465   0.153   0.618
-96.6100 39.1100     573   0.439   0.145   0.584
-96.6100 39.1100     574   0.453   0.157   0.610
-96.6100 39.1100     575   0.436   0.154   0.590
-96.6100 39.1100     576   0.577   0.176   0.754
-96.6100 39.1100     577   0.493   0.160   0.653
-96.6100 39.1100     578   0.570   0.153   0.723
-96.6100 39.1100     579   0.515   0.135   0.650
-96.6100 39.1100     580   0.483   0.133   0.616
-96.6100 39.1100     581   0.512   0.142   0.654
-96.6100 39.1100     582   0.466   0.145   0.611
-96.6100 39.1100     583   0.442   0.115   0.556
-96.6100 39.1100     584   0.441   0.116   0.557
-96.6100 39.1100     585   0.565   0.135   0.700
-96.6100 39.1100     586   0.461   0.127   0.588
-96.6100 39.1100     587   0.434   0.130   0.564
-96.6100 39.1100     588   0.472   0.137   0.609
-96.6100 39.1100     589   0.485   0.166   0.652
-96.6100 39.1100     590   0.533   0.142   0.675
-96.6100 39.1100     591   0.509   0.151   0.660
-96.6100 39.1100     592   0.507   0.163   0.670
-96.6100 39.1100     593   0.438   0.174   0.612
-96.6100 39.1100     594   0.502   0.159   0.661
-96.6100 39.1100     595   0.481   0.154   0.634
-96.6100 39.1100     596   0.424   0.141   0.566
-96.6100 39.1100     597   0.468   0.153   0.621
-96.6100 39.1100     598   0.464   0.158   0.622
-96.6100 39.1100     599   0.449   0.156   0.605
-96.6100 39.1100     600   0.548   0.165   0.712
-96.6100 39.1100     601   0.447   0.161   0.608
-96.6100 39.1100     602   0.447   0.180   0.627
-96.6100 39.1100     603   0.428   0.162   0.590
-96.6100 39.1100     604   0.460   0.144   0.604
-96.6100 39.1100     605   0.442   0.166   0.609
-96.6100 39.1100     606   0.433   0.176   0.608
-96.6100 39.1100     607   0.433   0.199   0.632
-96.6100 39.1100     608   0.493   0.189   0.682
-96.6100 39.1100     609   0.554   0.196   0.750
-96.6100 39.1100     610   0.531   0.160   0.692
-96.6100 39.1100     611   0.466   0.168   0.634
-96.6100 39.1100     612   0.435   0.157   0.591
-96.6100 39.1100     613   0.403   0.166   0.569
-96.6100 39.1100     614   0.402   0.194   0.596
-96.6100 39.1100     615   0.473   0.167   0.640
-96.6100 39.1100     616   0.526   0.198   0.724
-96.6100 39.1100     617   0.470   0.175   0.645
-96.6100 39.1100     618   0.486   0.151   0.637
-96.6100 39.1100     619   0.431   0.135   0.566
-96.6100 39.1100     620   0.427   0.128   0.555
-96.6100 39.1100     621   0.430   0.133   0.564
-96.6100 39.1100     622   0.440   0.151   0.591
-96.6100 39.1100     623   0.517   0.152   0.669
-96.6100 39.1100     624   0.401   0.115   0.517
-96.6100 39.1100     625   0.447   0.118   0.565
-96.6100 39.1100     626   0.504   0.158   0.661
-96.6100 39.1100     627   0.490   0.159   0.649
-96.6100 39.1100     628   0.548   0.157   0.705
-96.6100 39.1100     629   0.500   0.172   0.671
-96.6100 39.1100     630   0.552   0.171   0.723
-96.6100 39.1100     631   0.486   0.141   0.627
-96.6100 39.1100     632   0.480   0.139   0.618
-96.6100 39.1100     633   0.444   0.144   0.588
-96.6100 39.1100     634   0.566   0.164   0.730
-96.6100 39.1100     635   0.593   0.163   0.756
-96.6100 39.1100     636   0.628   0.208   0.836
-96.6100 39.1100     637   0.530   0.160   0.690
-96.6100 39.1100     638   0.494   0.149   0.644
-96.6100 39.1100     639   0.497   0.151   0.647
-96.6100 39.1100     640   0.452   0.164   0.616
-96.6100 39.1100     641   0.437   0.156   0.593
-96.6100 39.1100     642   0.472   0.182   0.654
-96.6100 39.1100     643   0.459   0.176   0.635
-96.6100 39.1100     644   0.474   0.189   0.663
-96.6100 39.1100     645   0.454   0.143   0.598
-96.6100 39.1100     646   0.459   0.154   0.614
-96.6100 39.1100     647   0.413   0.150   0.562
-96.6100 39.1100     648   0.397   0.158   0.555
-96.6100 39.1100     649   0.350   0.141   0.491
-96.6100 39.1100     650   0.498   0.153   0.651
-96.6100 39.1100     651   0.530   0.143   0.673
-96.6100 39.1100     652   0.420   0.135   0.555
-96.6100 39.1100     653   0.478   0.170   0.648
-96.6100 39.1100     654   0.517   0.201   0.718
-96.6100 39.1100     655   0.596   0.190   0.786
-96.6100 39.1100     656   0.502   0.153   0.655
-96.6100 39.1100     657   0.478   0.137   0.615
-96.6100 39.1100     658   0.451   0.152   0.603
-96.6100 39.1100     659   0.441   0.150   0.591
-96.6100 39.1100     660   0.451   0.168   0.619
-96.6100 39.1100     661   0.488   0.159   0.646
-96.6100 39.1100     662   0.458   0.143   0.601
-96.6100 39.1100     663   0.407   0.137   0.544
-96.6100 39.1100     664   0.441   0.140   0.581
-96.6100 39.1100     665   0.495   0.143   0.638
-96.6100 39.1100     666   0.494   0.193   0.687
-96.6100 39.1100     667   0.573   0.190   0.763
-96.6100 39.1100     668   0.491   0.156   0.647
-96.6100 39.1100     669   0.489   0.156   0.645
-96.6100 39.1100     670   0.516   0.178   0.694
-96.6100 39.1100     671   0.406   0.154   0.560
-96.6100 39.1100     672   0.441   0.167   0.607
-96.6100 39.1100     673   0.453   0.195   0.647
-96.6100 39.1100     674   0.513   0.167   0.680
-96.6100 39.1100     675   0.479   0.160   0.640
-96.6100 39.1100     676   0.445   0.135   0.580
-96.6100 39.1100     677   0.521   0.144   0.665
-96.6100 39.1100     678   0.565   0.140   0.705
-96.6100 39.1100     679   0.509   0.152   0.660
-96.6100 39.1100     680   0.595   0.158   0.753
-96.6100 39.1100     681   0.601   0.156   0.757
-96.6100 39.1100     682   0.498   0.126   0.624
-96.6100 39.1100     683   0.484   0.119   0.603
-96.6100 39.1100     684   0.592   0.162   0.754
-96.6100 39.1100     685   0.502   0.157   0.659
-96.6100 39.1100     686   0.442   0.137   0.579
-96.6100 39.1100     687   0.469   0.144   0.612
-96.6100 39.1100     688   0.459   0.141   0.600
-96.6100 39.1100     689   0.458   0.143   0.602
-96.6100 39.1100     690   0.458   0.119   0.577
-96.6100 39.1100     691   0.413   0.107   0.520
-96.6100 39.1100     692   0.469   0.112   0.582
-96.6100 39.1100     693   0.428   0.125   0.553
-96.6100 39.1100     694   0.469   0.149   0.618
-96.6100 39.1100     695   0.420   0.137   0.557
-96.6100 39.1100     696   0.458   0.141   0.599
-96.6100 39.1100     697   0.469   0.130   0.599
-96.6100 39.1100     698   0.452   0.128   0.580
-96.6100 39.1100     699   0.496   0.152   0.648
-96.6100 39.1100     700   0.432   0.141   0.573
-96.6100 39.1100     701   0.439   0.138   0.577
-96.6100 39.1100     702   0.391   0.132   0.522
-96.6100 39.1100     703   0.498   0.141   0.638
-96.6100 39.1100     704   0.423   0.123   0.545
-96.6100 39.1100     705   0.476   0.131   0.607
-96.6100 39.1100     706   0.515   0.139   0.654
-96.6100 39.1100     707   0.432   0.120   0.553
-96.6100 39.1100     708   0.513   0.138   0.651
-96.6100 39.1100     709   0.610   0.162   0.772
-96.6100 39.1100     710   0.510   0.151   0.661
-96.6100 39.1100     711   0.521   0.158   0.679
-96.6100 39.1100     712   0.481   0.143   0.624
-96.6100 39.1100     713   0.521   0.153   0.674
-96.6100 39.1100     714   0.499   0.148   0.647
-96.6100 39.1100     715   0.461   0.147   0.608
-96.6100 39.1100     716   0.479   0.140   0.619
-96.6100 39.1100     717   0.473   0.136   0.609
-96.6100 39.1100     718   0.443   0.127   0.570
-96.6100 39.1100     719   0.440   0.127   0.567
-96.6100 39.1100     720   0.531   0.152   0.683
-96.6100 39.1100     721   0.485   0.152   0.637
-96.6100 39.1100     722   0.527   0.146   0.674
-96.6100 39.1100     723   0.566   0.120   0.686
-96.6100 39.1100     724   0.457   0.115   0.572
-96.6100 39.1100     725   0.524   0.123   0.647
-96.6100 39.1100     726   0.516   0.123   0.640
-96.6100 39.1100     727   0.431   0.119   0.551
-96.6100 39.1100     728   0.583   0.140   0.723
-96.6100 39.1100     729   0.518   0.127   0.646
-96.6100 39.1100     730   0.521   0.121   0.642
-96.6100 39.1100     731   0.570   0.126   0.696
-96.6100 39.1100     732   0.571   0.141   0.712
-96.6100 39.1100     733   0.629   0.130   0.759
-96.6100 39.1100     734   0.531   0.117   0.648
-96.6100 39.1100     735   0.555   0.128   0.682
-96.6100 39.1100     736   0.524   0.126   0.650
-96.6100 39.1100     737   0.540   0.118   0.658
-96.6100 39.1100     738   0.544   0.122   0.666
-96.6100 39.1100     739   0.426   0.084   0.510
-96.6100 39.1100     740   0.541   0.113   0.655
-96.6100 39.1100     741   0.617   0.108   0.725
-96.6100 39.1100     742   0.554   0.113   0.667
-96.6100 39.1100     743   0.515   0.112   0.627
-96.6100 39.1100     744   0.467   0.115   0.582
-96.6100 39.1100     745   0.438   0.105   0.543
-96.6100 39.1100     746   0.533   0.117   0.650
-96.6100 39.1100     747   0.732   0.144   0.876
-96.6100 39.1100     748   0.538   0.127   0.665
-96.6100 39.1100     749   0.533   0.096   0.629
-96.6100 39.1100     750   0.563   0.114   0.677
-96.6100 39.1100     751   0.504   0.104   0.608
-96.6100 39.1100     752   0.479   0.101   0.580
-96.6100 39.1100     753   0.484   0.099   0.583
-96.6100 39.1100     754   0.469   0.101   0.570
-96.6100 39.1100     755   0.429   0.112   0.541
-96.6100 39.1100     756   0.490   0.095   0.585
-96.6100 39.1100     757   0.608   0.112   0.720
-96.6100 39.1100     758   0.549   0.137   0.686
-96.6100 39.1100     759   0.579   0.106   0.685
-96.6100 39.1100     760   0.601   0.117   0.719
-96.6100 39.1100     761   0.501   0.105   0.607
-96.6100 39.1100     762   0.461   0.093   0.553
-96.6100 39.1100     763   0.507   0.107   0.614
-96.6100 39.1100     764   0.515   0.110   0.625
-96.6100 39.1100     765   0.493   0.107   0.600
-96.6100 39.1100     766   0.567   0.123   0.690
-96.6100 39.1100     767   0.489   0.098   0.587
-96.6100 39.1100     768   0.524   0.096   0.620
-96.6100 39.1100     769   0.456   0.090   0.546
-96.6100 39.1100     770   0.597   0.083   0.680
-96.6100 39.1100     771   0.574   0.092   0.666
-96.6100 39.1100     772   0.730   0.100   0.829
-96.6100 39.1100     773   0.582   0.109   0.691
-96.6100 39.1100     774   0.610   0.094   0.704
-96.6100 39.1100     775   0.739   0.126   0.865
-96.6100 39.1100     776   0.531   0.096   0.627
-96.6100 39.1100     777   0.562   0.092   0.654
-96.6100 39.1100     778   0.542   0.093   0.635
-96.6100 39.1100     779   0.565   0.110   0.675
-96.6100 39.1100     780   0.553   0.111   0.664
-96.6100 39.1100     781   0.565   0.120   0.685
-96.6100 39.1100     782   0.592   0.133   0.725
-96.6100 39.1100     783   0.556   0.112   0.668
-96.6100 39.1100     784   0.510   0.101   0.611
-96.6100 39.1100     785   0.553   0.111   0.664
-96.6100 39.1100     786   0.561   0.117   0.678
-96.6100 39.1100     787   0.543   0.123   0.666
-96.6100 39.1100     788   0.587   0.114   0.701
-96.6100 39.1100     789   0.527   0.104   0.631
-96.6100 39.1100     790   0.538   0.106   0.644
-96.6100 39.1100     791   0.546   0.102   0.648
-96.6100 39.1100     792   0.541   0.096   0.637
-96.6100 39.1100     793   0.617   0.114   0.731
-96.6100 39.1100     794   0.508   0.104   0.613
-96.6100 39.1100     795   0.546   0.102   0.648
-96.6100 39.1100     796   0.557   0.098   0.654
-96.6100 39.1100     797   0.578   0.103   0.682
-96.6100 39.1100     798   0.561   0.100   0.661
-96.6100 39.1100     799   0.533   0.098   0.631
-96.6100 39.1100     800   0.503   0.106   0.608
-96.6100 39.1100     801   0.669   0.118   0.788
-96.6100 39.1100     802   0.597   0.135   0.731
-96.6100 39.1100     803   0.574   0.099   0.672
-96.6100 39.1100     804   0.627   0.118   0.745
-96.6100 39.1100     805   0.584   0.111   0.694
-96.6100 39.1100     806   0.547   0.102   0.649
-96.6100 39.1100     807   0.541   0.105   0.646
-96.6100 39.1100     808   0.446   0.092   0.538
-96.6100 39.1100     809   0.514   0.101   0.614
-96.6100 39.1100     810   0.624   0.115   0.739
-96.6100 39.1100     811   0.537   0.114   0.650
-96.6100 39.1100     812   0.501   0.117   0.618
-96.6100 39.1100     813   0.583   0.118   0.701
-96.6100 39.1100     814   0.551   0.130   0.681
-96.6100 39.1100     815   0.532   0.130   0.661
-96.6100 39.1100     816   0.531   0.123   0.654
-96.6100 39.1100     817   0.453   0.103   0.556
-96.6100 39.1100     818   0.517   0.109   0.627
-96.6100 39.1100     819   0.486   0.098   0.584
-96.6100 39.1100     820   0.493   0.092   0.584
-96.6100 39.1100     821   0.444   0.093   0.536
-96.6100 39.1100     822   0.522   0.101   0.622
-96.6100 39.1100     823   0.545   0.109   0.654
-96.6100 39.1100     824   0.590   0.100   0.690
-96.6100 39.1100     825   0.500   0.086   0.586
-96.6100 39.1100     826   0.449   0.091   0.540
-96.6100 39.1100     827   0.438   0.092   0.530
-96.6100 39.1100     828   0.466   0.099   0.566
-96.6100 39.1100     829   0.475   0.116   0.591
-96.6100 39.1100     830   0.474   0.120   0.594
-96.6100 39.1100     831   0.522   0.128   0.650
-96.6100 39.1100     832   0.512   0.133   0.645
-96.6100 39.1100     833   0.441   0.113   0.554
-96.6100 39.1100     834   0.476   0.128   0.604
-96.6100 39.1100     835   0.411   0.105   0.517
-96.6100 39.1100     836   0.474   0.122   0.597
-96.6100 39.1100     837   0.481   0.124   0.605
-96.6100 39.1100     838   0.471   0.118   0.589
-96.6100 39.1100     839   0.411   0.103   0.514
-96.6100 39.1100     840   0.476   0.130   0.606
-96.6100 39.1100     841   0.457   0.136   0.593
-96.6100 39.1100     842   0.499   0.149   0.648
-96.6100 39.1100     843   0.613   0.150   0.764
-96.6100 39.1100     844   0.628   0.144   0.772
-96.6100 39.1100     845   0.798   0.187   0.984
-96.6100 39.1100     846   0.528   0.151   0.679
-96.6100 39.1100     847   0.464   0.145   0.609
-96.6100 39.1100     848   0.484   0.164   0.648
-96.6100 39.1100     849   0.607   0.155   0.762
-96.6100 39.1100     850   0.521   0.132   0.654
-96.6100 39.1100     851   0.551   0.140   0.691
-96.6100 39.1100     852   0.513   0.134   0.647
-96.6100 39.1100     853   0.468   0.138   0.605
-96.6100 39.1100     854   0.482   0.129   0.612
-96.6100 39.1100     855   0.507   0.134   0.640
-96.6100 39.1100     856   0.447   0.110   0.558
-96.6100 39.1100     857   0.375   0.093   0.468
-96.6100 39.1100     858   0.522   0.123   0.645
-96.6100 39.1100     859   0.677   0.129   0.806
-96.6100 39.1100     860   0.547   0.117   0.665
-96.6100 39.1100     861   0.486   0.112   0.599
-96.6100 39.1100     862   0.527   0.114   0.641
-96.6100 39.1100     863   0.486   0.108   0.594
-96.6100 39.1100     864   0.527   0.116   0.644
-96.6100 39.1100     865   0.517   0.116   0.632
-96.6100 39.1100     866   0.590   0.118   0.707
-96.6100 39.1100     867   0.520   0.113   0.633
-96.6100 39.1100     868   0.516   0.102   0.618
-96.6100 39.1100     869   0.539   0.121   0.660
-96.6100 39.1100     870   0.494   0.136   0.630
-96.6100 39.1100     871   0.437   0.158   0.595
-96.6100 39.1100     872   0.490   0.129   0.618
-96.6100 39.1100     873   0.552   0.140   0.692
-96.6100 39.1100     874   0.484   0.130   0.614
-96.6100 39.1100     875   0.545   0.133   0.678
-96.6100 39.1100     876   0.467   0.150   0.617
-96.6100 39.1100     877   0.554   0.152   0.706
-96.6100 39.1100     878   0.481   0.136   0.617
-96.6100 39.1100     879   0.439   0.132   0.571
-96.6100 39.1100     880   0.426   0.144   0.569
-96.6100 39.1100     881   0.400   0.148   0.548
-96.6100 39.1100     882   0.424   0.160   0.584
-96.6100 39.1100     883   0.505   0.133   0.638
-96.6100 39.1100     884   0.443   0.120   0.564
-96.6100 39.1100     885   0.438   0.129   0.567
-96.6100 39.1100     886   0.479   0.156   0.635
-96.6100 39.1100     887   0.462   0.179   0.642
-96.6100 39.1100     888   0.546   0.171   0.717
-96.6100 39.1100     889   0.507   0.164   0.672
-96.6100 39.1100     890   0.475   0.164   0.640
-96.6100 39.1100     891   0.494   0.160   0.654
-96.6100 39.1100     892   0.461   0.165   0.626
-96.6100 39.1100     893   0.522   0.165   0.687
-96.6100 39.1100     894   0.521   0.158   0.680
-96.6100 39.1100     895   0.469   0.138   0.607
-96.6100 39.1100     896   0.433   0.132   0.566
-96.6100 39.1100     897   0.443   0.157   0.600
-96.6100 39.1100     898   0.451   0.167   0.618
-96.6100 39.1100     899   0.516   0.205   0.721
-96.6100 39.1100     900   0.486   0.166   0.652
-96.6100 39.1100     901   0.448   0.153   0.601
-96.6100 39.1100     902   0.439   0.172   0.611
-96.6100 39.1100     903   0.537   0.180   0.716
-96.6100 39.1100     904   0.565   0.187   0.752
-96.6100 39.1100     905   0.494   0.191   0.685
-96.6100 39.1100     906   0.481   0.180   0.660
-96.6100 39.1100     907   0.533   0.174   0.707
-96.6100 39.1100     908   0.439   0.145   0.584
-96.6100 39.1100     909   0.516   0.185   0.701
-96.6100 39.1100     910   0.403   0.147   0.550
-96.6100 39.1100     911   0.444   0.153   0.597
-96.6100 39.1100     912   0.477   0.150   0.627
-96.6100 39.1100     913   0.453   0.146   0.599
-96.6100 39.1100     914   0.441   0.160   0.601
-96.6100 39.1100     915   0.408   0.148   0.557
-96.6100 39.1100     916   0.439   0.141   0.580
-96.6100 39.1100     917   0.536   0.191   0.727
-96.6100 39.1100     918   0.582   0.167   0.749
-96.6100 39.1100     919   0.554   0.141   0.695
-96.6100 39.1100     920   0.641   0.167   0.807
-96.6100 39.1100     921   0.520   0.177   0.697
-96.6100 39.1100     922   0.602   0.168   0.771
-96.6100 39.1100     923   0.531   0.185   0.716
-96.6100 39.1100     924   0.521   0.190   0.711
-96.6100 39.1100     925   0.442   0.164   0.606
-96.6100 39.1100     926   0.436   0.159   0.595
-96.6100 39.1100     927   0.449   0.169   0.618
-96.6100 39.1100     928   0.508   0.160   0.668
-96.6100 39.1100     929   0.415   0.140   0.555
-96.6100 39.1100     930   0.471   0.143   0.613
-96.6100 39.1100     931   0.506   0.155   0.661
-96.6100 39.1100     932   0.606   0.162   0.768
-96.6100 39.1100     933   0.494   0.152   0.646
-96.6100 39.1100     934   0.490   0.169   0.659
-96.6100 39.1100     935   0.453   0.169   0.623
-96.6100 39.1100     936   0.480   0.145   0.625
-96.6100 39.1100     937   0.481   0.144   0.625
-96.6100 39.1100     938   0.447   0.137   0.584
-96.6100 39.1100     939   0.601   0.169   0.770
-96.6100 39.1100     940   0.512   0.157   0.670
-96.6100 39.1100     941   0.497   0.123   0.620
-96.6100 39.1100     942   0.571   0.125   0.696
-96.6100 39.1100     943   0.538   0.127   0.664
-96.6100 39.1100     944   0.568   0.146   0.714
-96.6100 39.1100     945   0.560   0.146   0.706
-96.6100 39.1100     946   0.595   0.138   0.733
-96.6100 39.1100     947   0.604   0.139   0.743
-96.6100 39.1100     948   0.538   0.130   0.668
-96.6100 39.1100     949   0.512   0.122   0.634
-96.6100 39.1100     950   0.490   0.127   0.617
-96.6100 39.1100     951   0.447   0.119   0.566
-96.6100 39.1100     952   0.432   0.114   0.546
-96.6100 39.1100     953   0.462   0.144   0.606
-96.6100 39.1100     954   0.569   0.134   0.703
-96.6100 39.1100     955   0.611   0.131   0.742
-96.6100 39.1100     956   0.452   0.114   0.565
-96.6100 39.1100     957   0.597   0.119   0.717
-96.6100 39.1100     958   0.473   0.118   0.592
-96.6100 39.1100     959   0.489   0.133   0.622
-96.6100 39.1100     960   0.384   0.140   0.524
-96.6100 39.1100     961   0.479   0.124   0.603
-96.6100 39.1100     962   0.466   0.141   0.608
-96.6100 39.1100     963   0.466   0.115   0.581
-96.6100 39.1100     964   0.431   0.104   0.535
-96.6100 39.1100     965   0.488   0.114   0.602
-96.6100 39.1100     966   0.449   0.104   0.554
-96.6100 39.1100     967   0.543   0.136   0.679
-96.6100 39.1100     968   0.486   0.130   0.616
-96.6100 39.1100     969   0.495   0.136   0.632
-96.6100 39.1100     970   0.486   0.123   0.609
-96.6100 39.1100     971   0.462   0.144   0.606
-96.6100 39.1100     972   0.529   0.116   0.645
-96.6100 39.1100     973   0.515   0.130   0.645
-96.6100 39.1100     974   0.516   0.142   0.658
-96.6100 39.1100     975   0.473   0.118   0.590
-96.6100 39.1100     976   0.608   0.132   0.740
-96.6100 39.1100     977   0.459   0.108   0.567
-96.6100 39.1100     978   0.505   0.125   0.629
-96.6100 39.1100     979   0.516   0.118   0.635
-96.6100 39.1100     980   0.545   0.114   0.659
-96.6100 39.1100     981   0.450   0.114   0.564
-96.6100 39.1100     982   0.504   0.126   0.630
-96.6100 39.1100     983   0.511   0.135   0.646
-96.6100 39.1100     984   0.444   0.122   0.566
-96.6100 39.1100     985   0.467   0.119   0.585
-96.6100 39.1100     986   0.482   0.127   0.609
-96.6100 39.1100     987   0.509   0.115   0.624
-96.6100 39.1100     988   0.528   0.112   0.640
-96.6100 39.1100     989   0.533   0.098   0.631
-96.6100 39.1100     990   0.478   0.113   0.591
-96.6100 39.1100     991   0.527   0.119   0.647
-96.6100 39.1100     992   0.557   0.116   0.673
-96.6100 39.1100     993   0.536   0.139   0.675
-96.6100 39.1100     994   0.601   0.133   0.734
-96.6100 39.1100     995   0.662   0.119   0.781
-96.6100 39.1100     996   0.522   0.110   0.632
-96.6100 39.1100     997   0.526   0.119   0.646
-96.6100 39.1100     998   0.519   0.130   0.648
-96.6100 39.1100     999   0.448   0.121   0.569
-96.6100 39.1100    1000   0.488   0.102   0.590
-96.6100 39.1100    1001   0.560   0.104   0.664
-96.6100 39.1100    1002   0.600   0.114   0.714
-96.6100 39.1100    1003   0.586   0.141   0.727
-96.6100 39.1100    1004   0.536   0.128   0.665
-96.6100 39.1100    1005   0.433   0.105   0.538
-96.6100 39.1100    1006   0.533   0.120   0.653
-96.6100 39.1100    1007   0.400   0.123   0.524
-96.6100 39.1100    1008   0.529   0.120   0.648
-96.6100 39.1100    1009   0.479   0.114   0.593
-96.6100 39.1100    1010   0.527   0.113   0.640
-96.6100 39.1100    1011   0.483   0.104   0.586
-96.6100 39.1100    1012   0.450   0.107   0.557
-96.6100 39.1100    1013   0.592   0.126   0.717
-96.6100 39.1100    1014   0.514   0.124   0.638
-96.6100 39.1100    1015   0.499   0.139   0.637
-96.6100 39.1100    1016   0.481   0.138   0.619
-96.6100 39.1100    1017   0.620   0.121   0.742
-96.6100 39.1100    1018   0.528   0.108   0.636
-96.6100 39.1100    1019   0.551   0.128   0.679
-96.6100 39.1100    1020   0.516   0.134   0.651
-96.6100 39.1100    1021   0.625   0.129   0.755
-96.6100 39.1100    1022   0.513   0.121   0.635
-96.6100 39.1100    1023   0.546   0.142   0.688
-96.6100 39.1100    1024   0.501   0.120   0.621
-96.6100 39.1100    1025   0.500   0.120   0.620
-96.6100 39.1100    1026   0.543   0.133   0.676
-96.6100 39.1100    1027   0.514   0.156   0.669
-96.6100 39.1100    1028   0.508   0.121   0.628
-96.6100 39.1100    1029   0.481   0.129   0.611
-96.6100 39.1100    1030   0.509   0.140   0.649
-96.6100 39.1100    1031   0.487   0.125   0.612
-96.6100 39.1100    1032   0.488   0.110   0.597
-96.6100 39.1100    1033   0.527   0.116   0.643
-96.6100 39.1100    1034   0.492   0.112   0.604
-96.6100 39.1100    1035   0.608   0.131   0.739
-96.6100 39.1100    1036   0.724   0.161   0.885
-96.6100 39.1100    1037   0.641   0.168   0.810
-96.6100 39.1100    1038   0.593   0.170   0.763
-96.6100 39.1100    1039   0.539   0.155   0.694
-96.6100 39.1100    1040   0.494   0.154   0.649
-96.6100 39.1100    1041   0.482   0.145   0.627
-96.6100 39.1100    1042   0.462   0.126   0.588
-96.6100 39.1100    1043   0.550   0.127   0.677
-96.6100 39.1100    1044   0.538   0.127   0.665
-96.6100 39.1100    1045   0.508   0.121   0.629
-96.6100 39.1100    1046   0.588   0.124   0.712
-96.6100 39.1100    1047   0.432   0.120   0.552
-96.6100 39.1100    1048   0.517   0.121   0.638
-96.6100 39.1100    1049   0.494   0.118   0.612
-96.6100 39.1100    1050   0.512   0.135   0.647
-96.6100 39.1100    1051   0.480   0.120   0.600
-96.6100 39.1100    1052   0.431   0.128   0.559
-96.6100 39.1100    1053   0.543   0.113   0.656
-96.6100 39.1100    1054   0.556   0.121   0.677
-96.6100 39.1100    1055   0.489   0.109   0.598
-96.6100 39.1100    1056   0.584   0.113   0.697
-96.6100 39.1100    1057   0.625   0.109   0.733
-96.6100 39.1100    1058   0.600   0.094   0.694
-96.6100 39.1100    1059   0.509   0.082   0.591
-96.6100 39.1100    1060   0.599   0.108   0.707
-96.6100 39.1100    1061   0.766   0.114   0.881
-96.6100 39.1100    1062   0.599   0.099   0.698
-96.6100 39.1100    1063   0.500   0.090   0.591
-96.6100 39.1100    1064   0.399   0.084   0.483
-96.6100 39.1100    1065   0.529   0.105   0.634
-96.6100 39.1100    1066   0.469   0.094   0.563
-96.6100 39.1100    1067   0.556   0.112   0.668
-96.6100 39.1100    1068   0.501   0.097   0.598
-96.6100 39.1100    1069   0.486   0.101   0.587
-96.6100 39.1100    1070   0.588   0.122   0.710
-96.6100 39.1100    1071   0.472   0.100   0.572
-96.6100 39.1100    1072   0.521   0.106   0.628
-96.6100 39.1100    1073   0.527   0.117   0.643
-96.6100 39.1100    1074   0.511   0.121   0.632
-96.6100 39.1100    1075   0.492   0.121   0.613
-96.6100 39.1100    1076   0.435   0.103   0.537
-96.6100 39.1100    1077   0.474   0.108   0.582
-96.6100 39.1100    1078   0.498   0.121   0.619
-96.6100 39.1100    1079   0.504   0.112   0.616
-96.6100 39.1100    1080   0.509   0.121   0.630
-96.6100 39.1100    1081   0.524   0.107   0.631
-96.6100 39.1100    1082   0.480   0.102   0.582
-96.6100 39.1100    1083   0.577   0.090   0.667
-96.6100 39.1100    1084   0.668   0.097   0.766
-96.6100 39.1100    1085   0.514   0.097   0.611
-96.6100 39.1100    1086   0.555   0.111   0.666
-96.6100 39.1100    1087   0.607   0.083   0.690
-96.6100 39.1100    1088   0.566   0.084   0.651
-96.6100 39.1100    1089   0.514   0.081   0.595
-96.6100 39.1100    1090   0.552   0.091   0.643
-96.6100 39.1100    1091   0.653   0.096   0.750
-96.6100 39.1100    1092   0.631   0.104   0.735
-96.6100 39.1100    1093   0.621   0.104   0.725
-96.6100 39.1100    1094   0.582   0.087   0.670
-96.6100 39.1100    1095   0.598   0.105   0.703
-96.6100 39.1100    1096   0.623   0.130   0.754
-96.6100 39.1100    1097   0.550   0.117   0.667
-96.6100 39.1100    1098   0.542   0.120   0.662
-96.6100 39.1100    1099   0.520   0.120   0.641
-96.6100 39.1100    1100   0.479   0.108   0.587
-96.6100 39.1100    1101   0.654   0.112   0.766
-96.6100 39.1100    1102   0.516   0.096   0.612
-96.6100 39.1100    1103   0.470   0.090   0.560
-96.6100 39.1100    1104   0.489   0.097   0.586
-96.6100 39.1100    1105   0.485   0.097   0.582
-96.6100 39.1100    1106   0.470   0.084   0.555
-96.6100 39.1100    1107   0.506   0.073   0.579
-96.6100 39.1100    1108   0.530   0.082   0.612
-96.6100 39.1100    1109   0.626   0.078   0.704
-96.6100 39.1100    1110   0.594   0.084   0.678
-96.6100 39.1100    1111   0.525   0.091   0.616
-96.6100 39.1100    1112   0.481   0.096   0.577
-96.6100 39.1100    1113   0.567   0.094   0.661
-96.6100 39.1100    1114   0.531   0.083   0.614
-96.6100 39.1100    1115   0.536   0.094   0.630
-96.6100 39.1100    1116   0.554   0.107   0.661
-96.6100 39.1100    1117   0.483   0.102   0.585
-96.6100 39.1100    1118   0.449   0.090   0.540
-96.6100 39.1100    1119   0.498   0.095   0.593
-96.6100 39.1100    1120   0.493   0.103   0.596
-96.6100 39.1100    1121   0.495   0.102   0.597
-96.6100 39.1100    1122   0.571   0.117   0.688
-96.6100 39.1100    1123   0.515   0.110   0.625
-96.6100 39.1100    1124   0.539   0.106   0.644
-96.6100 39.1100    1125   0.555   0.107   0.662
-96.6100 39.1100    1126   0.541   0.102   0.643
-96.6100 39.1100    1127   0.580   0.109   0.689
-96.6100 39.1100    1128   0.546   0.108   0.654
-96.6100 39.1100    1129   0.542   0.112   0.654
-96.6100 39.1100    1130   0.636   0.144   0.780
-96.6100 39.1100    1131   0.612   0.108   0.720
-96.6100 39.1100    1132   0.662   0.108   0.770
-96.6100 39.1100    1133   0.586   0.097   0.683
-96.6100 39.1100    1134   0.536   0.100   0.636
-96.6100 39.1100    1135   0.466   0.093   0.559
-96.6100 39.1100    1136   0.510   0.109   0.619
-96.6100 39.1100    1137   0.435   0.099   0.534
-96.6100 39.1100    1138   0.522   0.111   0.633
-96.6100 39.1100    1139   0.574   0.160   0.734
-96.6100 39.1100    1140   0.604   0.121   0.725
-96.6100 39.1100    1141   0.736   0.140   0.876
-96.6100 39.1100    1142   0.516   0.131   0.647
-96.6100 39.1100    1143   0.529   0.134   0.663
-96.6100 39.1100    1144   0.547   0.131   0.679
-96.6100 39.1100    1145   0.535   0.136   0.672
-96.6100 39.1100    1146   0.504   0.133   0.637
-96.6100 39.1100    1147   0.417   0.127   0.543
-96.6100 39.1100    1148   0.475   0.134   0.609
-96.6100 39.1100    1149   0.469   0.130   0.599
-96.6100 39.1100    1150   0.510   0.144   0.654
-96.6100 39.1100    1151   0.533   0.138   0.671
-96.6100 39.1100    1152   0.521   0.113   0.635
