     Lon     Lat    Year    VegC   LittC  SoilfC  SoilsC     Total
-96.6100 39.1100       0   0.000   0.000   0.000   0.000    0.0000
-96.6100 39.1100       1   0.454   0.000   0.000   0.000    0.4544
-96.6100 39.1100       2   0.576   0.387   0.000   0.000    0.9628
-96.6100 39.1100       3   0.447   0.681   0.038   0.001    1.1669
-96.6100 39.1100       4   0.596   0.826   0.107   0.002    1.5307
-96.6100 39.1100       5   0.560   0.968   0.191   0.003    1.7223
-96.6100 39.1100       6   0.745   1.090   0.285   0.005    2.1242
-96.6100 39.1100       7   0.564   1.284   0.374   0.006    2.2284
-96.6100 39.1100       8   0.571   1.293   0.483   0.008    2.3548
-96.6100 39.1100       9   0.524   1.309   0.584   0.010    2.4265
-96.6100 39.1100      10   0.564   1.246   0.696   0.012    2.5175
-96.6100 39.1100      11   0.499   1.243   0.797   0.014    2.5528
-96.6100 39.1100      12   0.639   1.167   0.898   0.016    2.7200
-96.6100 39.1100      13   0.743   1.244   0.983   0.018    2.9876
-96.6100 39.1100      14   0.830   1.353   1.076   0.020    3.2786
-96.6100 39.1100      15   0.734   1.483   1.175   0.022    3.4129
-96.6100 39.1100      16   0.567   1.496   1.280   0.024    3.3669
-96.6100 39.1100      17   0.621   1.355   1.393   0.027    3.3948
-96.6100 39.1100      18   0.789   1.349   1.481   0.029    3.6481
-96.6100 39.1100      19   0.845   1.422   1.570   0.031    3.8677
-96.6100 39.1100      20   0.673   1.527   1.658   0.033    3.8915
-96.6100 39.1100      21   0.691   1.496   1.752   0.036    3.9745
-96.6100 39.1100      22   0.733   1.512   1.837   0.038    4.1197
-96.6100 39.1100      23   0.769   1.567   1.918   0.040    4.2947
-96.6100 39.1100      24   0.732   1.602   2.005   0.042    4.3812
-96.6100 39.1100      25   0.597   1.575   2.093   0.045    4.3092
-96.6100 39.1100      26   0.622   1.476   2.175   0.047    4.3202
-96.6100 39.1100      27   0.559   1.450   2.242   0.049    4.3004
-96.6100 39.1100      28   0.606   1.349   2.309   0.052    4.3152
-96.6100 39.1100      29   0.679   1.279   2.364   0.054    4.3769
-96.6100 39.1100      30   0.562   1.363   2.406   0.056    4.3860
-96.6100 39.1100      31   0.557   1.309   2.456   0.058    4.3795
-96.6100 39.1100      32   0.530   1.289   2.497   0.060    4.3752
-96.6100 39.1100      33   0.678   1.194   2.538   0.062    4.4725
-96.6100 39.1100      34   0.690   1.295   2.566   0.064    4.6155
-96.6100 39.1100      35   0.673   1.360   2.604   0.065    4.7015
-96.6100 39.1100      36   0.737   1.408   2.646   0.067    4.8584
-96.6100 39.1100      37   0.684   1.494   2.690   0.069    4.9387
-96.6100 39.1100      38   0.696   1.473   2.744   0.072    4.9856
-96.6100 39.1100      39   0.652   1.497   2.792   0.074    5.0156
-96.6100 39.1100      40   0.674   1.423   2.844   0.076    5.0167
-96.6100 39.1100      41   0.666   1.393   2.885   0.079    5.0226
-96.6100 39.1100      42   0.592   1.403   2.921   0.081    4.9958
-96.6100 39.1100      43   0.622   1.385   2.956   0.083    5.0451
-96.6100 39.1100      44   0.756   1.373   2.988   0.085    5.2020
-96.6100 39.1100      45   0.537   1.440   3.018   0.087    5.0822
-96.6100 39.1100      46   0.666   1.401   3.053   0.089    5.2088
-96.6100 39.1100      47   0.699   1.436   3.083   0.091    5.3088
-96.6100 39.1100      48   0.692   1.483   3.116   0.093    5.3844
-96.6100 39.1100      49   0.761   1.492   3.153   0.095    5.5004
-96.6100 39.1100      50   0.778   1.516   3.189   0.097    5.5802
-96.6100 39.1100      51   0.730   1.561   3.226   0.100    5.6167
-96.6100 39.1100      52   0.688   1.564   3.266   0.102    5.6210
-96.6100 39.1100      53   0.704   1.529   3.306   0.104    5.6434
-96.6100 39.1100      54   0.796   1.480   3.340   0.107    5.7232
-96.6100 39.1100      55   0.665   1.540   3.368   0.109    5.6820
-96.6100 39.1100      56   0.695   1.486   3.401   0.111    5.6930
-96.6100 39.1100      57   0.623   1.461   3.428   0.114    5.6250
-96.6100 39.1100      58   0.638   1.421   3.451   0.116    5.6247
-96.6100 39.1100      59   0.714   1.400   3.468   0.118    5.6999
-96.6100 39.1100      60   0.828   1.426   3.483   0.120    5.8574
-96.6100 39.1100      61   0.636   1.510   3.500   0.122    5.7682
-96.6100 39.1100      62   0.545   1.492   3.525   0.124    5.6857
-96.6100 39.1100      63   0.670   1.473   3.549   0.126    5.8183
-96.6100 39.1100      64   0.742   1.520   3.569   0.128    5.9596
-96.6100 39.1100      65   0.636   1.530   3.593   0.130    5.8900
-96.6100 39.1100      66   0.630   1.533   3.618   0.132    5.9129
-96.6100 39.1100      67   0.621   1.431   3.640   0.135    5.8269
-96.6100 39.1100      68   0.578   1.395   3.653   0.137    5.7617
-96.6100 39.1100      69   0.529   1.333   3.661   0.139    5.6617
-96.6100 39.1100      70   0.606   1.269   3.662   0.141    5.6780
-96.6100 39.1100      71   0.663   1.252   3.654   0.143    5.7120
-96.6100 39.1100      72   0.667   1.304   3.647   0.144    5.7619
-96.6100 39.1100      73   0.773   1.409   3.650   0.146    5.9779
-96.6100 39.1100      74   0.866   1.524   3.660   0.148    6.1981
-96.6100 39.1100      75   0.728   1.621   3.681   0.150    6.1797
-96.6100 39.1100      76   0.686   1.585   3.711   0.152    6.1349
-96.6100 39.1100      77   0.713   1.586   3.737   0.155    6.1902
-96.6100 39.1100      78   0.716   1.598   3.762   0.157    6.2323
-96.6100 39.1100      79   0.720   1.596   3.787   0.159    6.2613
-96.6100 39.1100      80   0.610   1.579   3.811   0.161    6.1607
-96.6100 39.1100      81   0.603   1.531   3.833   0.163    6.1293
-96.6100 39.1100      82   0.616   1.449   3.848   0.165    6.0787
-96.6100 39.1100      83   0.621   1.403   3.854   0.168    6.0461
-96.6100 39.1100      84   0.716   1.347   3.853   0.170    6.0854
-96.6100 39.1100      85   0.630   1.400   3.848   0.172    6.0494
-96.6100 39.1100      86   0.586   1.380   3.850   0.174    5.9895
-96.6100 39.1100      87   0.582   1.331   3.849   0.176    5.9386
-96.6100 39.1100      88   0.583   1.284   3.842   0.178    5.8869
-96.6100 39.1100      89   0.638   1.301   3.834   0.179    5.9529
-96.6100 39.1100      90   0.644   1.299   3.823   0.181    5.9472
-96.6100 39.1100      91   0.628   1.310   3.814   0.183    5.9347
-96.6100 39.1100      92   0.642   1.312   3.806   0.185    5.9455
-96.6100 39.1100      93   0.634   1.350   3.801   0.187    5.9716
-96.6100 39.1100      94   0.687   1.327   3.797   0.189    5.9999
-96.6100 39.1100      95   0.669   1.396   3.795   0.191    6.0500
-96.6100 39.1100      96   0.571   1.430   3.800   0.192    5.9935
-96.6100 39.1100      97   0.575   1.342   3.805   0.194    5.9163
-96.6100 39.1100      98   0.741   1.290   3.799   0.196    6.0260
-96.6100 39.1100      99   0.713   1.357   3.787   0.198    6.0558
-96.6100 39.1100     100   0.616   1.425   3.788   0.200    6.0290
-96.6100 39.1100     101   0.645   1.446   3.797   0.202    6.0902
-96.6100 39.1100     102   0.627   1.463   3.807   0.204    6.1008
-96.6100 39.1100     103   0.603   1.422   3.817   0.206    6.0475
-96.6100 39.1100     104   0.554   1.349   3.820   0.208    5.9317
-96.6100 39.1100     105   0.629   1.266   3.815   0.210    5.9199
-96.6100 39.1100     106   0.595   1.262   3.801   0.212    5.8693
-96.6100 39.1100     107   0.546   1.266   3.791   0.213    5.8163
-96.6100 39.1100     108   0.766   1.249   3.779   0.215    6.0100
-96.6100 39.1100     109   0.681   1.412   3.772   0.217    6.0817
-96.6100 39.1100     110   0.687   1.368   3.774   0.219    6.0477
-96.6100 39.1100     111   0.627   1.386   3.774   0.221    6.0078
-96.6100 39.1100     112   0.569   1.371   3.777   0.223    5.9396
-96.6100 39.1100     113   0.513   1.304   3.778   0.225    5.8202
-96.6100 39.1100     114   0.553   1.233   3.772   0.226    5.7842
-96.6100 39.1100     115   0.596   1.252   3.762   0.228    5.8381
-96.6100 39.1100     116   0.600   1.259   3.751   0.230    5.8392
-96.6100 39.1100     117   0.546   1.259   3.742   0.231    5.7780
-96.6100 39.1100     118   0.615   1.263   3.735   0.233    5.8459
-96.6100 39.1100     119   0.573   1.241   3.723   0.235    5.7722
-96.6100 39.1100     120   0.548   1.246   3.714   0.236    5.7453
-96.6100 39.1100     121   0.611   1.273   3.709   0.238    5.8311
-96.6100 39.1100     122   0.637   1.282   3.702   0.240    5.8609
-96.6100 39.1100     123   0.592   1.330   3.698   0.241    5.8624
-96.6100 39.1100     124   0.652   1.303   3.697   0.243    5.8957
-96.6100 39.1100     125   0.575   1.334   3.694   0.245    5.8485
-96.6100 39.1100     126   0.629   1.281   3.693   0.247    5.8501
-96.6100 39.1100     127   0.644   1.292   3.686   0.249    5.8706
-96.6100 39.1100     128   0.654   1.317   3.681   0.250    5.9026
-96.6100 39.1100     129   0.593   1.368   3.682   0.252    5.8950
-96.6100 39.1100     130   0.624   1.342   3.686   0.254    5.9064
-96.6100 39.1100     131   0.646   1.294   3.684   0.256    5.8795
-96.6100 39.1100     132   0.667   1.318   3.679   0.258    5.9213
-96.6100 39.1100     133   0.594   1.365   3.679   0.259    5.8977
-96.6100 39.1100     134   0.506   1.363   3.686   0.261    5.8157
-96.6100 39.1100     135   0.653   1.272   3.688   0.263    5.8760
-96.6100 39.1100     136   0.638   1.325   3.683   0.265    5.9113
-96.6100 39.1100     137   0.625   1.346   3.683   0.266    5.9203
-96.6100 39.1100     138   0.565   1.358   3.687   0.268    5.8781
-96.6100 39.1100     139   0.634   1.314   3.690   0.270    5.9074
-96.6100 39.1100     140   0.664   1.305   3.686   0.272    5.9264
-96.6100 39.1100     141   0.656   1.384   3.687   0.273    5.9992
-96.6100 39.1100     142   0.669   1.387   3.692   0.275    6.0225
-96.6100 39.1100     143   0.671   1.388   3.697   0.277    6.0332
-96.6100 39.1100     144   0.659   1.412   3.704   0.279    6.0536
-96.6100 39.1100     145   0.631   1.403   3.712   0.281    6.0269
-96.6100 39.1100     146   0.543   1.445   3.722   0.282    5.9913
-96.6100 39.1100     147   0.578   1.355   3.733   0.284    5.9495
-96.6100 39.1100     148   0.599   1.335   3.735   0.286    5.9541
-96.6100 39.1100     149   0.654   1.339   3.735   0.287    6.0155
-96.6100 39.1100     150   0.579   1.319   3.732   0.289    5.9186
-96.6100 39.1100     151   0.609   1.298   3.729   0.291    5.9271
-96.6100 39.1100     152   0.585   1.278   3.723   0.293    5.8787
-96.6100 39.1100     153   0.717   1.296   3.717   0.294    6.0249
-96.6100 39.1100     154   0.804   1.377   3.712   0.296    6.1894
-96.6100 39.1100     155   0.641   1.504   3.717   0.298    6.1600
-96.6100 39.1100     156   0.530   1.476   3.735   0.300    6.0408
-96.6100 39.1100     157   0.598   1.356   3.748   0.302    6.0038
-96.6100 39.1100     158   0.577   1.293   3.746   0.304    5.9197
-96.6100 39.1100     159   0.582   1.255   3.739   0.305    5.8804
-96.6100 39.1100     160   0.608   1.267   3.731   0.307    5.9121
-96.6100 39.1100     161   0.582   1.334   3.728   0.308    5.9521
-96.6100 39.1100     162   0.688   1.375   3.731   0.310    6.1038
-96.6100 39.1100     163   0.647   1.429   3.735   0.312    6.1228
-96.6100 39.1100     164   0.613   1.439   3.745   0.313    6.1110
-96.6100 39.1100     165   0.624   1.435   3.756   0.315    6.1301
-96.6100 39.1100     166   0.565   1.424   3.766   0.317    6.0723
-96.6100 39.1100     167   0.596   1.384   3.774   0.319    6.0724
-96.6100 39.1100     168   0.638   1.358   3.777   0.320    6.0933
-96.6100 39.1100     169   0.764   1.374   3.777   0.322    6.2370
-96.6100 39.1100     170   0.805   1.456   3.777   0.324    6.3615
-96.6100 39.1100     171   0.757   1.592   3.789   0.326    6.4634
-96.6100 39.1100     172   0.651   1.610   3.812   0.328    6.4007
-96.6100 39.1100     173   0.712   1.592   3.837   0.330    6.4708
-96.6100 39.1100     174   0.788   1.597   3.859   0.332    6.5748
-96.6100 39.1100     175   0.728   1.613   3.880   0.334    6.5542
-96.6100 39.1100     176   0.779   1.633   3.902   0.336    6.6507
-96.6100 39.1100     177   0.897   1.679   3.926   0.338    6.8397
-96.6100 39.1100     178   0.690   1.795   3.954   0.340    6.7788
-96.6100 39.1100     179   0.651   1.749   3.991   0.342    6.7330
-96.6100 39.1100     180   0.615   1.675   4.022   0.344    6.6568
-96.6100 39.1100     181   0.580   1.594   4.046   0.346    6.5669
-96.6100 39.1100     182   0.556   1.464   4.060   0.348    6.4291
-96.6100 39.1100     183   0.596   1.388   4.061   0.350    6.3949
-96.6100 39.1100     184   0.622   1.341   4.052   0.352    6.3672
-96.6100 39.1100     185   0.705   1.428   4.047   0.353    6.5335
-96.6100 39.1100     186   0.802   1.461   4.044   0.355    6.6618
-96.6100 39.1100     187   0.658   1.524   4.044   0.357    6.5826
-96.6100 39.1100     188   0.617   1.514   4.053   0.359    6.5425
-96.6100 39.1100     189   0.575   1.428   4.058   0.361    6.4207
-96.6100 39.1100     190   0.581   1.366   4.055   0.363    6.3638
-96.6100 39.1100     191   0.623   1.316   4.044   0.364    6.3474
-96.6100 39.1100     192   0.654   1.306   4.028   0.366    6.3539
-96.6100 39.1100     193   0.568   1.339   4.014   0.368    6.2899
-96.6100 39.1100     194   0.593   1.321   4.006   0.369    6.2898
-96.6100 39.1100     195   0.557   1.331   3.997   0.371    6.2546
-96.6100 39.1100     196   0.636   1.253   3.981   0.372    6.2426
-96.6100 39.1100     197   0.555   1.322   3.968   0.374    6.2184
-96.6100 39.1100     198   0.497   1.263   3.956   0.375    6.0912
-96.6100 39.1100     199   0.548   1.231   3.943   0.377    6.0991
-96.6100 39.1100     200   0.574   1.224   3.925   0.378    6.1008
-96.6100 39.1100     201   0.532   1.254   3.910   0.380    6.0759
-96.6100 39.1100     202   0.580   1.282   3.901   0.381    6.1440
-96.6100 39.1100     203   0.629   1.293   3.891   0.382    6.1956
-96.6100 39.1100     204   0.671   1.319   3.880   0.384    6.2545
-96.6100 39.1100     205   0.499   1.396   3.877   0.385    6.1568
-96.6100 39.1100     206   0.638   1.305   3.877   0.387    6.2068
-96.6100 39.1100     207   0.649   1.300   3.865   0.389    6.2029
-96.6100 39.1100     208   0.788   1.325   3.852   0.390    6.3552
-96.6100 39.1100     209   0.666   1.451   3.847   0.392    6.3566
-96.6100 39.1100     210   0.681   1.438   3.854   0.394    6.3675
-96.6100 39.1100     211   0.691   1.426   3.858   0.396    6.3708
-96.6100 39.1100     212   0.607   1.471   3.864   0.397    6.3392
-96.6100 39.1100     213   0.820   1.393   3.869   0.399    6.4814
-96.6100 39.1100     214   0.588   1.528   3.871   0.401    6.3888
-96.6100 39.1100     215   0.652   1.360   3.880   0.403    6.2950
-96.6100 39.1100     216   0.686   1.335   3.873   0.405    6.2983
-96.6100 39.1100     217   0.631   1.425   3.871   0.406    6.3330
-96.6100 39.1100     218   0.721   1.381   3.872   0.408    6.3827
-96.6100 39.1100     219   0.661   1.447   3.872   0.410    6.3890
-96.6100 39.1100     220   0.634   1.412   3.876   0.411    6.3336
-96.6100 39.1100     221   0.658   1.351   3.874   0.413    6.2972
-96.6100 39.1100     222   0.624   1.372   3.870   0.415    6.2806
-96.6100 39.1100     223   0.766   1.342   3.865   0.417    6.3895
-96.6100 39.1100     224   0.707   1.432   3.860   0.418    6.4166
-96.6100 39.1100     225   0.618   1.479   3.866   0.420    6.3821
-96.6100 39.1100     226   0.660   1.496   3.877   0.422    6.4549
-96.6100 39.1100     227   0.678   1.494   3.888   0.423    6.4838
-96.6100 39.1100     228   0.609   1.519   3.900   0.425    6.4530
-96.6100 39.1100     229   0.614   1.515   3.914   0.427    6.4701
-96.6100 39.1100     230   0.701   1.458   3.925   0.428    6.5124
-96.6100 39.1100     231   0.732   1.467   3.930   0.430    6.5588
-96.6100 39.1100     232   0.580   1.536   3.938   0.432    6.4857
-96.6100 39.1100     233   0.677   1.488   3.951   0.434    6.5501
-96.6100 39.1100     234   0.785   1.494   3.959   0.435    6.6727
-96.6100 39.1100     235   0.636   1.534   3.965   0.437    6.5724
-96.6100 39.1100     236   0.559   1.460   3.976   0.439    6.4338
-96.6100 39.1100     237   0.651   1.315   3.974   0.441    6.3812
-96.6100 39.1100     238   0.591   1.325   3.961   0.443    6.3194
-96.6100 39.1100     239   0.609   1.277   3.948   0.444    6.2778
-96.6100 39.1100     240   0.539   1.290   3.935   0.446    6.2094
-96.6100 39.1100     241   0.719   1.256   3.921   0.447    6.3430
-96.6100 39.1100     242   0.753   1.375   3.907   0.448    6.4832
-96.6100 39.1100     243   0.663   1.413   3.901   0.450    6.4260
-96.6100 39.1100     244   0.656   1.459   3.904   0.452    6.4711
-96.6100 39.1100     245   0.649   1.375   3.905   0.454    6.3826
-96.6100 39.1100     246   0.582   1.377   3.903   0.455    6.3170
-96.6100 39.1100     247   0.631   1.340   3.900   0.457    6.3275
-96.6100 39.1100     248   0.553   1.331   3.893   0.458    6.2362
-96.6100 39.1100     249   0.628   1.312   3.888   0.460    6.2884
-96.6100 39.1100     250   0.631   1.386   3.885   0.461    6.3626
-96.6100 39.1100     251   0.585   1.349   3.882   0.463    6.2792
-96.6100 39.1100     252   0.744   1.339   3.877   0.464    6.4251
-96.6100 39.1100     253   0.602   1.434   3.874   0.466    6.3753
-96.6100 39.1100     254   0.677   1.384   3.877   0.468    6.4052
-96.6100 39.1100     255   0.626   1.394   3.876   0.469    6.3639
-96.6100 39.1100     256   0.577   1.392   3.877   0.471    6.3169
-96.6100 39.1100     257   0.591   1.318   3.875   0.472    6.2560
-96.6100 39.1100     258   0.639   1.301   3.867   0.474    6.2805
-96.6100 39.1100     259   0.767   1.364   3.860   0.475    6.4663
-96.6100 39.1100     260   0.692   1.511   3.861   0.477    6.5406
-96.6100 39.1100     261   0.632   1.466   3.872   0.479    6.4492
-96.6100 39.1100     262   0.647   1.447   3.881   0.480    6.4555
-96.6100 39.1100     263   0.594   1.409   3.885   0.482    6.3707
-96.6100 39.1100     264   0.551   1.379   3.888   0.483    6.3016
-96.6100 39.1100     265   0.561   1.308   3.886   0.485    6.2395
-96.6100 39.1100     266   0.586   1.272   3.876   0.486    6.2210
-96.6100 39.1100     267   0.673   1.266   3.862   0.488    6.2897
-96.6100 39.1100     268   0.624   1.289   3.846   0.489    6.2483
-96.6100 39.1100     269   0.632   1.278   3.833   0.491    6.2339
-96.6100 39.1100     270   0.628   1.314   3.824   0.492    6.2580
-96.6100 39.1100     271   0.645   1.289   3.814   0.494    6.2418
-96.6100 39.1100     272   0.597   1.357   3.809   0.495    6.2580
-96.6100 39.1100     273   0.641   1.317   3.806   0.497    6.2604
-96.6100 39.1100     274   0.661   1.350   3.801   0.498    6.3100
-96.6100 39.1100     275   0.858   1.375   3.797   0.500    6.5298
-96.6100 39.1100     276   0.629   1.510   3.799   0.501    6.4395
-96.6100 39.1100     277   0.547   1.465   3.814   0.503    6.3295
-96.6100 39.1100     278   0.635   1.330   3.821   0.505    6.2904
-96.6100 39.1100     279   0.676   1.362   3.818   0.506    6.3624
-96.6100 39.1100     280   0.800   1.456   3.820   0.508    6.5842
-96.6100 39.1100     281   0.667   1.604   3.831   0.509    6.6108
-96.6100 39.1100     282   0.729   1.587   3.855   0.511    6.6810
-96.6100 39.1100     283   0.704   1.603   3.876   0.513    6.6949
-96.6100 39.1100     284   0.641   1.533   3.896   0.514    6.5841
-96.6100 39.1100     285   0.639   1.454   3.908   0.516    6.5175
-96.6100 39.1100     286   0.675   1.381   3.910   0.518    6.4830
-96.6100 39.1100     287   0.643   1.413   3.908   0.520    6.4833
-96.6100 39.1100     288   0.679   1.396   3.908   0.521    6.5048
-96.6100 39.1100     289   0.671   1.461   3.910   0.523    6.5645
-96.6100 39.1100     290   0.719   1.460   3.915   0.524    6.6194
-96.6100 39.1100     291   0.577   1.497   3.922   0.526    6.5213
-96.6100 39.1100     292   0.726   1.399   3.929   0.528    6.5824
-96.6100 39.1100     293   0.727   1.464   3.928   0.529    6.6492
-96.6100 39.1100     294   0.681   1.535   3.936   0.531    6.6823
-96.6100 39.1100     295   0.566   1.550   3.950   0.532    6.5976
-96.6100 39.1100     296   0.643   1.407   3.961   0.534    6.5454
-96.6100 39.1100     297   0.692   1.417   3.960   0.536    6.6041
-96.6100 39.1100     298   0.756   1.516   3.964   0.537    6.7726
-96.6100 39.1100     299   0.737   1.601   3.975   0.539    6.8522
-96.6100 39.1100     300   0.808   1.625   3.993   0.540    6.9664
-96.6100 39.1100     301   0.681   1.652   4.012   0.542    6.8865
-96.6100 39.1100     302   0.745   1.604   4.033   0.544    6.9261
-96.6100 39.1100     303   0.653   1.648   4.051   0.546    6.8977
-96.6100 39.1100     304   0.618   1.572   4.071   0.548    6.8083
-96.6100 39.1100     305   0.633   1.470   4.080   0.550    6.7327
-96.6100 39.1100     306   0.598   1.456   4.082   0.551    6.6876
-96.6100 39.1100     307   0.686   1.418   4.082   0.553    6.7386
-96.6100 39.1100     308   0.673   1.427   4.076   0.554    6.7305
-96.6100 39.1100     309   0.617   1.436   4.073   0.556    6.6814
-96.6100 39.1100     310   0.642   1.360   4.065   0.558    6.6253
-96.6100 39.1100     311   0.544   1.341   4.053   0.559    6.4972
-96.6100 39.1100     312   0.578   1.286   4.041   0.560    6.4659
-96.6100 39.1100     313   0.586   1.312   4.029   0.562    6.4886
-96.6100 39.1100     314   0.689   1.335   4.018   0.563    6.6039
-96.6100 39.1100     315   0.645   1.398   4.009   0.564    6.6161
-96.6100 39.1100     316   0.562   1.434   4.008   0.566    6.5695
-96.6100 39.1100     317   0.627   1.363   4.008   0.567    6.5646
-96.6100 39.1100     318   0.579   1.387   4.003   0.569    6.5378
-96.6100 39.1100     319   0.582   1.339   3.997   0.570    6.4883
-96.6100 39.1100     320   0.705   1.326   3.987   0.571    6.5896
-96.6100 39.1100     321   0.767   1.396   3.975   0.573    6.7112
-96.6100 39.1100     322   0.701   1.434   3.968   0.574    6.6771
-96.6100 39.1100     323   0.614   1.456   3.970   0.576    6.6165
-96.6100 39.1100     324   0.591   1.440   3.975   0.577    6.5834
-96.6100 39.1100     325   0.607   1.343   3.973   0.579    6.5018
-96.6100 39.1100     326   0.626   1.386   3.968   0.580    6.5606
-96.6100 39.1100     327   0.618   1.405   3.967   0.582    6.5720
-96.6100 39.1100     328   0.592   1.372   3.965   0.583    6.5126
-96.6100 39.1100     329   0.619   1.322   3.957   0.585    6.4821
-96.6100 39.1100     330   0.597   1.302   3.944   0.586    6.4294
-96.6100 39.1100     331   0.580   1.299   3.933   0.587    6.3991
-96.6100 39.1100     332   0.555   1.307   3.924   0.589    6.3755
-96.6100 39.1100     333   0.659   1.307   3.916   0.590    6.4722
-96.6100 39.1100     334   0.751   1.308   3.900   0.591    6.5498
-96.6100 39.1100     335   0.678   1.451   3.894   0.593    6.6160
-96.6100 39.1100     336   0.641   1.449   3.899   0.594    6.5831
-96.6100 39.1100     337   0.795   1.510   3.907   0.596    6.8088
-96.6100 39.1100     338   0.729   1.619   3.920   0.597    6.8646
-96.6100 39.1100     339   0.674   1.546   3.939   0.599    6.7588
-96.6100 39.1100     340   0.613   1.507   3.953   0.601    6.6742
-96.6100 39.1100     341   0.512   1.430   3.962   0.602    6.5052
-96.6100 39.1100     342   0.619   1.274   3.957   0.604    6.4532
-96.6100 39.1100     343   0.708   1.312   3.942   0.605    6.5673
-96.6100 39.1100     344   0.796   1.418   3.934   0.606    6.7539
-96.6100 39.1100     345   0.610   1.527   3.936   0.608    6.6811
-96.6100 39.1100     346   0.608   1.427   3.946   0.610    6.5907
-96.6100 39.1100     347   0.659   1.393   3.946   0.611    6.6098
-96.6100 39.1100     348   0.672   1.386   3.942   0.613    6.6123
-96.6100 39.1100     349   0.639   1.397   3.938   0.614    6.5877
-96.6100 39.1100     350   0.598   1.405   3.938   0.615    6.5562
-96.6100 39.1100     351   0.623   1.324   3.933   0.617    6.4967
-96.6100 39.1100     352   0.515   1.353   3.927   0.618    6.4130
-96.6100 39.1100     353   0.662   1.308   3.923   0.619    6.5115
-96.6100 39.1100     354   0.669   1.359   3.914   0.621    6.5626
-96.6100 39.1100     355   0.769   1.421   3.910   0.622    6.7225
-96.6100 39.1100     356   0.700   1.444   3.908   0.624    6.6769
-96.6100 39.1100     357   0.709   1.448   3.911   0.625    6.6938
-96.6100 39.1100     358   0.602   1.473   3.916   0.627    6.6185
-96.6100 39.1100     359   0.686   1.385   3.921   0.628    6.6198
-96.6100 39.1100     360   0.588   1.439   3.921   0.630    6.5778
-96.6100 39.1100     361   0.593   1.393   3.925   0.631    6.5419
-96.6100 39.1100     362   0.746   1.376   3.923   0.632    6.6765
-96.6100 39.1100     363   0.536   1.489   3.924   0.634    6.5821
-96.6100 39.1100     364   0.605   1.419   3.933   0.635    6.5920
-96.6100 39.1100     365   0.607   1.367   3.933   0.637    6.5437
-96.6100 39.1100     366   0.599   1.379   3.931   0.638    6.5462
-96.6100 39.1100     367   0.620   1.336   3.926   0.639    6.5215
-96.6100 39.1100     368   0.697   1.301   3.913   0.641    6.5523
-96.6100 39.1100     369   0.739   1.356   3.900   0.642    6.6371
-96.6100 39.1100     370   0.828   1.498   3.899   0.643    6.8689
-96.6100 39.1100     371   0.646   1.528   3.906   0.645    6.7254
-96.6100 39.1100     372   0.621   1.503   3.920   0.646    6.6893
-96.6100 39.1100     373   0.646   1.392   3.926   0.648    6.6118
-96.6100 39.1100     374   0.654   1.385   3.923   0.650    6.6114
-96.6100 39.1100     375   0.585   1.365   3.919   0.651    6.5196
-96.6100 39.1100     376   0.631   1.341   3.915   0.652    6.5390
-96.6100 39.1100     377   0.584   1.372   3.911   0.654    6.5201
-96.6100 39.1100     378   0.548   1.302   3.905   0.655    6.4093
-96.6100 39.1100     379   0.531   1.275   3.896   0.656    6.3582
-96.6100 39.1100     380   0.658   1.276   3.887   0.657    6.4778
-96.6100 39.1100     381   0.890   1.370   3.876   0.658    6.7944
-96.6100 39.1100     382   0.701   1.579   3.877   0.660    6.8164
-96.6100 39.1100     383   0.703   1.570   3.896   0.661    6.8301
-96.6100 39.1100     384   0.620   1.491   3.911   0.663    6.6844
-96.6100 39.1100     385   0.568   1.409   3.918   0.665    6.5596
-96.6100 39.1100     386   0.714   1.392   3.920   0.666    6.6920
-96.6100 39.1100     387   0.665   1.437   3.918   0.667    6.6874
-96.6100 39.1100     388   0.624   1.432   3.921   0.669    6.6465
-96.6100 39.1100     389   0.553   1.451   3.927   0.670    6.6007
-96.6100 39.1100     390   0.775   1.434   3.933   0.671    6.8135
-96.6100 39.1100     391   0.665   1.551   3.938   0.673    6.8275
-96.6100 39.1100     392   0.620   1.474   3.950   0.674    6.7188
-96.6100 39.1100     393   0.591   1.421   3.956   0.676    6.6439
-96.6100 39.1100     394   0.614   1.399   3.957   0.677    6.6468
-96.6100 39.1100     395   0.649   1.421   3.958   0.679    6.7053
-96.6100 39.1100     396   0.752   1.395   3.955   0.680    6.7816
-96.6100 39.1100     397   0.718   1.452   3.950   0.681    6.8012
-96.6100 39.1100     398   0.587   1.493   3.955   0.683    6.7184
-96.6100 39.1100     399   0.667   1.457   3.964   0.684    6.7718
-96.6100 39.1100     400   0.699   1.457   3.944   1.820    7.9202
-96.6100 39.1100     401   0.638   1.505   3.950   1.820    7.9131
-96.6100 39.1100     402   0.529   1.506   3.961   1.820    7.8160
-96.6100 39.1100     403   0.531   1.423   3.971   1.820    7.7455
-96.6100 39.1100     404   0.567   1.393   3.975   1.821    7.7550
-96.6100 39.1100     405   0.596   1.346   3.972   1.821    7.7341
-96.6100 39.1100     406   0.617   1.323   3.962   1.820    7.7220
-96.6100 39.1100     407   0.598   1.297   3.949   1.820    7.6635
-96.6100 39.1100     408   0.560   1.332   3.940   1.820    7.6523
-96.6100 39.1100     409   0.563   1.324   3.935   1.820    7.6423
-96.6100 39.1100     410   0.613   1.313   3.927   1.820    7.6726
-96.6100 39.1100     411   0.649   1.313   3.916   1.820    7.6973
-96.6100 39.1100     412   0.759   1.361   3.906   1.820    7.8463
-96.6100 39.1100     413   0.524   1.426   3.902   1.819    7.6720
-96.6100 39.1100     414   0.559   1.364   3.906   1.819    7.6495
-96.6100 39.1100     415   0.584   1.345   3.905   1.819    7.6527
-96.6100 39.1100     416   0.581   1.329   3.900   1.819    7.6285
-96.6100 39.1100     417   0.580   1.335   3.895   1.819    7.6293
-96.6100 39.1100     418   0.572   1.365   3.893   1.819    7.6489
-96.6100 39.1100     419   0.589   1.343   3.891   1.819    7.6432
-96.6100 39.1100     420   0.683   1.336   3.885   1.819    7.7232
-96.6100 39.1100     421   0.600   1.346   3.877   1.819    7.6419
-96.6100 39.1100     422   0.565   1.346   3.874   1.819    7.6041
-96.6100 39.1100     423   0.593   1.284   3.867   1.819    7.5622
-96.6100 39.1100     424   0.565   1.280   3.855   1.818    7.5195
-96.6100 39.1100     425   0.591   1.251   3.843   1.818    7.5027
-96.6100 39.1100     426   0.595   1.226   3.825   1.818    7.4637
-96.6100 39.1100     427   0.614   1.257   3.810   1.818    7.4989
-96.6100 39.1100     428   0.647   1.263   3.795   1.817    7.5218
-96.6100 39.1100     429   0.658   1.318   3.785   1.817    7.5777
-96.6100 39.1100     430   0.687   1.379   3.782   1.817    7.6647
-96.6100 39.1100     431   0.616   1.405   3.784   1.817    7.6224
-96.6100 39.1100     432   0.489   1.372   3.789   1.817    7.4669
-96.6100 39.1100     433   0.539   1.312   3.792   1.817    7.4600
-96.6100 39.1100     434   0.534   1.320   3.791   1.817    7.4624
-96.6100 39.1100     435   0.588   1.286   3.788   1.817    7.4786
-96.6100 39.1100     436   0.643   1.307   3.781   1.816    7.5474
-96.6100 39.1100     437   0.665   1.352   3.777   1.816    7.6096
-96.6100 39.1100     438   0.761   1.411   3.777   1.816    7.7661
-96.6100 39.1100     439   0.816   1.472   3.781   1.816    7.8853
-96.6100 39.1100     440   0.572   1.605   3.794   1.816    7.7874
-96.6100 39.1100     441   0.643   1.503   3.819   1.817    7.7813
-96.6100 39.1100     442   0.513   1.548   3.835   1.817    7.7127
-96.6100 39.1100     443   0.564   1.480   3.854   1.817    7.7148
-96.6100 39.1100     444   0.572   1.445   3.865   1.817    7.6991
-96.6100 39.1100     445   0.758   1.399   3.871   1.817    7.8448
-96.6100 39.1100     446   0.650   1.463   3.871   1.817    7.8010
-96.6100 39.1100     447   0.571   1.440   3.879   1.817    7.7070
-96.6100 39.1100     448   0.588   1.362   3.883   1.817    7.6502
-96.6100 39.1100     449   0.559   1.364   3.882   1.817    7.6214
-96.6100 39.1100     450   0.606   1.329   3.879   1.817    7.6316
-96.6100 39.1100     451   0.533   1.367   3.877   1.817    7.5936
-96.6100 39.1100     452   0.579   1.277   3.872   1.817    7.5444
-96.6100 39.1100     453   0.594   1.298   3.862   1.817    7.5707
-96.6100 39.1100     454   0.555   1.346   3.858   1.817    7.5756
-96.6100 39.1100     455   0.663   1.301   3.852   1.817    7.6323
-96.6100 39.1100     456   0.560   1.371   3.847   1.816    7.5948
-96.6100 39.1100     457   0.550   1.305   3.844   1.816    7.5159
-96.6100 39.1100     458   0.614   1.292   3.837   1.816    7.5600
-96.6100 39.1100     459   0.618   1.346   3.831   1.816    7.6116
-96.6100 39.1100     460   0.591   1.366   3.830   1.816    7.6031
-96.6100 39.1100     461   0.565   1.337   3.829   1.816    7.5472
-96.6100 39.1100     462   0.591   1.275   3.822   1.816    7.5038
-96.6100 39.1100     463   0.592   1.295   3.813   1.816    7.5162
-96.6100 39.1100     464   0.688   1.281   3.802   1.815    7.5859
-96.6100 39.1100     465   0.642   1.353   3.793   1.815    7.6035
-96.6100 39.1100     466   0.682   1.336   3.789   1.815    7.6218
-96.6100 39.1100     467   0.648   1.359   3.783   1.815    7.6057
-96.6100 39.1100     468   0.652   1.356   3.781   1.815    7.6045
-96.6100 39.1100     469   0.587   1.331   3.777   1.815    7.5095
-96.6100 39.1100     470   0.689   1.349   3.776   1.814    7.6278
-96.6100 39.1100     471   0.571   1.409   3.777   1.814    7.5706
-96.6100 39.1100     472   0.605   1.375   3.783   1.814    7.5770
-96.6100 39.1100     473   0.550   1.374   3.786   1.814    7.5255
-96.6100 39.1100     474   0.583   1.323   3.788   1.814    7.5084
-96.6100 39.1100     475   0.614   1.350   3.787   1.814    7.5658
-96.6100 39.1100     476   0.583   1.354   3.787   1.814    7.5380
-96.6100 39.1100     477   0.652   1.322   3.785   1.814    7.5731
-96.6100 39.1100     478   0.569   1.384   3.784   1.814    7.5506
-96.6100 39.1100     479   0.614   1.347   3.787   1.814    7.5611
-96.6100 39.1100     480   0.584   1.363   3.787   1.814    7.5479
-96.6100 39.1100     481   0.621   1.337   3.787   1.814    7.5587
-96.6100 39.1100     482   0.579   1.314   3.783   1.814    7.4894
-96.6100 39.1100     483   0.590   1.292   3.778   1.813    7.4729
-96.6100 39.1100     484   0.551   1.286   3.771   1.813    7.4217
-96.6100 39.1100     485   0.576   1.264   3.764   1.813    7.4171
-96.6100 39.1100     486   0.727   1.349   3.761   1.813    7.6497
-96.6100 39.1100     487   0.782   1.426   3.759   1.813    7.7798
-96.6100 39.1100     488   0.651   1.544   3.769   1.813    7.7763
-96.6100 39.1100     489   0.714   1.506   3.788   1.813    7.8202
-96.6100 39.1100     490   0.598   1.484   3.802   1.813    7.6964
-96.6100 39.1100     491   0.678   1.412   3.812   1.813    7.7157
-96.6100 39.1100     492   0.550   1.496   3.820   1.813    7.6789
-96.6100 39.1100     493   0.722   1.422   3.833   1.814    7.7905
-96.6100 39.1100     494   0.665   1.432   3.835   1.814    7.7453
-96.6100 39.1100     495   0.621   1.407   3.839   1.814    7.6806
-96.6100 39.1100     496   0.600   1.344   3.838   1.813    7.5953
-96.6100 39.1100     497   0.593   1.358   3.836   1.813    7.6005
-96.6100 39.1100     498   0.637   1.357   3.836   1.813    7.6430
-96.6100 39.1100     499   0.642   1.377   3.833   1.813    7.6659
-96.6100 39.1100     500   0.603   1.419   3.836   1.813    7.6716
-96.6100 39.1100     501   0.857   1.400   3.838   1.813    7.9089
-96.6100 39.1100     502   0.679   1.568   3.842   1.813    7.9019
-96.6100 39.1100     503   0.654   1.522   3.861   1.813    7.8511
-96.6100 39.1100     504   0.647   1.542   3.876   1.814    7.8793
-96.6100 39.1100     505   0.770   1.538   3.892   1.814    8.0141
-96.6100 39.1100     506   0.609   1.611   3.908   1.814    7.9418
-96.6100 39.1100     507   0.674   1.524   3.929   1.814    7.9418
-96.6100 39.1100     508   0.682   1.592   3.943   1.815    8.0311
-96.6100 39.1100     509   0.766   1.584   3.961   1.815    8.1259
-96.6100 39.1100     510   0.723   1.626   3.978   1.815    8.1412
-96.6100 39.1100     511   0.615   1.562   3.997   1.816    7.9898
-96.6100 39.1100     512   0.597   1.462   4.008   1.816    7.8826
-96.6100 39.1100     513   0.685   1.427   4.011   1.816    7.9378
-96.6100 39.1100     514   0.660   1.443   4.008   1.816    7.9268
-96.6100 39.1100     515   0.671   1.420   4.007   1.816    7.9141
-96.6100 39.1100     516   0.568   1.407   4.004   1.816    7.7950
-96.6100 39.1100     517   0.638   1.378   4.002   1.816    7.8345
-96.6100 39.1100     518   0.815   1.402   3.995   1.816    8.0291
-96.6100 39.1100     519   0.705   1.508   3.992   1.816    8.0200
-96.6100 39.1100     520   0.746   1.564   4.001   1.816    8.1271
-96.6100 39.1100     521   0.817   1.582   4.013   1.816    8.2283
-96.6100 39.1100     522   0.720   1.626   4.026   1.817    8.1887
-96.6100 39.1100     523   0.667   1.560   4.043   1.817    8.0871
-96.6100 39.1100     524   0.650   1.542   4.055   1.817    8.0641
-96.6100 39.1100     525   0.575   1.527   4.065   1.817    7.9846
-96.6100 39.1100     526   0.542   1.438   4.073   1.817    7.8700
-96.6100 39.1100     527   0.568   1.423   4.074   1.818    7.8831
-96.6100 39.1100     528   0.601   1.402   4.073   1.818    7.8938
-96.6100 39.1100     529   0.611   1.423   4.071   1.818    7.9222
-96.6100 39.1100     530   0.737   1.414   4.067   1.818    8.0361
-96.6100 39.1100     531   0.599   1.459   4.063   1.818    7.9376
-96.6100 39.1100     532   0.666   1.372   4.058   1.818    7.9139
-96.6100 39.1100     533   0.647   1.371   4.046   1.818    7.8817
-96.6100 39.1100     534   0.691   1.372   4.036   1.817    7.9164
-96.6100 39.1100     535   0.647   1.407   4.028   1.817    7.8994
-96.6100 39.1100     536   0.618   1.432   4.026   1.817    7.8936
-96.6100 39.1100     537   0.635   1.450   4.028   1.818    7.9309
-96.6100 39.1100     538   0.671   1.415   4.026   1.818    7.9297
-96.6100 39.1100     539   0.659   1.456   4.025   1.818    7.9575
-96.6100 39.1100     540   0.636   1.469   4.027   1.818    7.9497
-96.6100 39.1100     541   0.671   1.486   4.031   1.818    8.0060
-96.6100 39.1100     542   0.694   1.489   4.036   1.818    8.0368
-96.6100 39.1100     543   0.773   1.476   4.037   1.818    8.1044
-96.6100 39.1100     544   0.691   1.584   4.042   1.818    8.1348
-96.6100 39.1100     545   0.650   1.531   4.054   1.818    8.0545
-96.6100 39.1100     546   0.646   1.519   4.063   1.819    8.0460
-96.6100 39.1100     547   0.546   1.450   4.068   1.819    7.8824
-96.6100 39.1100     548   0.534   1.410   4.069   1.819    7.8317
-96.6100 39.1100     549   0.672   1.347   4.064   1.819    7.9029
-96.6100 39.1100     550   0.623   1.389   4.054   1.819    7.8843
-96.6100 39.1100     551   0.587   1.345   4.044   1.819    7.7948
-96.6100 39.1100     552   0.613   1.383   4.037   1.819    7.8527
-96.6100 39.1100     553   0.659   1.363   4.029   1.819    7.8696
-96.6100 39.1100     554   0.713   1.433   4.023   1.818    7.9878
-96.6100 39.1100     555   0.676   1.535   4.026   1.819    8.0558
-96.6100 39.1100     556   0.528   1.476   4.034   1.819    7.8571
-96.6100 39.1100     557   0.645   1.401   4.038   1.819    7.9033
-96.6100 39.1100     558   0.696   1.429   4.035   1.819    7.9789
-96.6100 39.1100     559   0.692   1.424   4.030   1.819    7.9651
-96.6100 39.1100     560   0.732   1.513   4.031   1.819    8.0942
-96.6100 39.1100     561   0.779   1.588   4.039   1.819    8.2251
-96.6100 39.1100     562   0.669   1.595   4.053   1.819    8.1356
-96.6100 39.1100     563   0.663   1.546   4.067   1.820    8.0954
-96.6100 39.1100     564   0.652   1.435   4.070   1.820    7.9763
-96.6100 39.1100     565   0.578   1.443   4.069   1.820    7.9092
-96.6100 39.1100     566   0.550   1.420   4.070   1.820    7.8597
-96.6100 39.1100     567   0.597   1.369   4.066   1.820    7.8522
-96.6100 39.1100     568   0.619   1.381   4.060   1.820    7.8794
-96.6100 39.1100     569   0.755   1.375   4.050   1.820    7.9995
-96.6100 39.1100     570   0.598   1.457   4.043   1.820    7.9180
-96.6100 39.1100     571   0.583   1.393   4.043   1.820    7.8391
-96.6100 39.1100     572   0.618   1.323   4.033   1.820    7.7941
-96.6100 39.1100     573   0.584   1.338   4.021   1.820    7.7625
-96.6100 39.1100     574   0.610   1.338   4.012   1.819    7.7793
-96.6100 39.1100     575   0.590   1.407   4.007   1.819    7.8235
-96.6100 39.1100     576   0.754   1.394   4.004   1.819    7.9711
-96.6100 39.1100     577   0.653   1.475   4.001   1.819    7.9474
-96.6100 39.1100     578   0.723   1.459   4.004   1.820    8.0051
-96.6100 39.1100     579   0.650   1.461   4.004   1.820    7.9350
-96.6100 39.1100     580   0.616   1.427   4.006   1.820    7.8687
-96.6100 39.1100     581   0.654   1.453   4.008   1.820    7.9342
-96.6100 39.1100     582   0.611   1.449   4.010   1.820    7.8889
-96.6100 39.1100     583   0.556   1.412   4.011   1.820    7.7999
-96.6100 39.1100     584   0.557   1.384   4.011   1.820    7.7723
-96.6100 39.1100     585   0.700   1.359   4.007   1.820    7.8862
-96.6100 39.1100     586   0.588   1.402   3.999   1.820    7.8088
-96.6100 39.1100     587   0.564   1.404   3.999   1.820    7.7867
-96.6100 39.1100     588   0.609   1.352   3.996   1.820    7.7754
-96.6100 39.1100     589   0.652   1.346   3.986   1.820    7.8031
-96.6100 39.1100     590   0.675   1.366   3.976   1.820    7.8367
-96.6100 39.1100     591   0.660   1.416   3.971   1.819    7.8669
-96.6100 39.1100     592   0.670   1.413   3.969   1.819    7.8716
-96.6100 39.1100     593   0.612   1.481   3.972   1.819    7.8840
-96.6100 39.1100     594   0.661   1.414   3.976   1.820    7.8703
-96.6100 39.1100     595   0.634   1.450   3.976   1.820    7.8800
-96.6100 39.1100     596   0.566   1.409   3.978   1.820    7.7718
-96.6100 39.1100     597   0.621   1.407   3.979   1.820    7.8275
-96.6100 39.1100     598   0.622   1.379   3.976   1.820    7.7965
-96.6100 39.1100     599   0.605   1.413   3.974   1.820    7.8121
-96.6100 39.1100     600   0.712   1.377   3.971   1.820    7.8799
-96.6100 39.1100     601   0.608   1.457   3.969   1.820    7.8528
-96.6100 39.1100     602   0.627   1.390   3.970   1.820    7.8067
-96.6100 39.1100     603   0.590   1.436   3.970   1.820    7.8158
-96.6100 39.1100     604   0.604   1.439   3.975   1.820    7.8365
-96.6100 39.1100     605   0.609   1.419   3.977   1.820    7.8242
-96.6100 39.1100     606   0.608   1.414   3.977   1.820    7.8191
-96.6100 39.1100     607   0.632   1.439   3.978   1.820    7.8692
-96.6100 39.1100     608   0.682   1.485   3.982   1.820    7.9693
-96.6100 39.1100     609   0.750   1.471   3.986   1.820    8.0265
-96.6100 39.1100     610   0.692   1.530   3.991   1.820    8.0331
-96.6100 39.1100     611   0.634   1.492   3.999   1.820    7.9454
-96.6100 39.1100     612   0.591   1.379   3.999   1.820    7.7899
-96.6100 39.1100     613   0.569   1.413   3.998   1.820    7.7999
-96.6100 39.1100     614   0.596   1.380   3.997   1.820    7.7933
-96.6100 39.1100     615   0.640   1.425   3.996   1.820    7.8817
-96.6100 39.1100     616   0.724   1.448   3.996   1.820    7.9891
-96.6100 39.1100     617   0.645   1.474   3.997   1.820    7.9370
-96.6100 39.1100     618   0.637   1.452   4.001   1.821    7.9110
-96.6100 39.1100     619   0.566   1.438   4.004   1.821    7.8286
-96.6100 39.1100     620   0.555   1.396   4.006   1.821    7.7776
-96.6100 39.1100     621   0.564   1.311   3.999   1.821    7.6950
-96.6100 39.1100     622   0.591   1.297   3.987   1.820    7.6958
-96.6100 39.1100     623   0.669   1.273   3.969   1.820    7.7309
-96.6100 39.1100     624   0.517   1.339   3.957   1.820    7.6329
-96.6100 39.1100     625   0.565   1.310   3.952   1.820    7.6464
-96.6100 39.1100     626   0.661   1.316   3.942   1.820    7.7392
-96.6100 39.1100     627   0.649   1.395   3.935   1.820    7.7986
-96.6100 39.1100     628   0.705   1.413   3.934   1.820    7.8709
-96.6100 39.1100     629   0.671   1.416   3.930   1.820    7.8376
-96.6100 39.1100     630   0.723   1.393   3.927   1.820    7.8616
-96.6100 39.1100     631   0.627   1.466   3.927   1.820    7.8393
-96.6100 39.1100     632   0.618   1.440   3.933   1.820    7.8109
-96.6100 39.1100     633   0.588   1.407   3.936   1.820    7.7512
-96.6100 39.1100     634   0.730   1.408   3.937   1.820    7.8943
-96.6100 39.1100     635   0.756   1.473   3.936   1.820    7.9849
-96.6100 39.1100     636   0.836   1.528   3.940   1.820    8.1241
-96.6100 39.1100     637   0.690   1.625   3.953   1.820    8.0878
-96.6100 39.1100     638   0.644   1.560   3.973   1.820    7.9967
-96.6100 39.1100     639   0.647   1.564   3.988   1.821    8.0200
-96.6100 39.1100     640   0.616   1.483   4.000   1.821    7.9204
-96.6100 39.1100     641   0.593   1.443   4.005   1.821    7.8615
-96.6100 39.1100     642   0.654   1.422   4.006   1.821    7.9028
-96.6100 39.1100     643   0.635   1.421   4.004   1.821    7.8808
-96.6100 39.1100     644   0.663   1.416   4.002   1.821    7.9024
-96.6100 39.1100     645   0.598   1.426   4.001   1.821    7.8460
-96.6100 39.1100     646   0.614   1.409   4.001   1.821    7.8449
-96.6100 39.1100     647   0.562   1.387   3.999   1.821    7.7693
-96.6100 39.1100     648   0.555   1.340   3.994   1.821    7.7100
-96.6100 39.1100     649   0.491   1.332   3.989   1.821    7.6332
-96.6100 39.1100     650   0.651   1.298   3.981   1.821    7.7510
-96.6100 39.1100     651   0.673   1.342   3.968   1.821    7.8035
-96.6100 39.1100     652   0.555   1.372   3.959   1.820    7.7069
-96.6100 39.1100     653   0.648   1.311   3.952   1.820    7.7314
-96.6100 39.1100     654   0.718   1.379   3.942   1.820    7.8596
-96.6100 39.1100     655   0.786   1.492   3.941   1.820    8.0404
-96.6100 39.1100     656   0.655   1.579   3.951   1.820    8.0058
-96.6100 39.1100     657   0.615   1.542   3.968   1.821    7.9457
-96.6100 39.1100     658   0.603   1.514   3.981   1.821    7.9182
-96.6100 39.1100     659   0.591   1.488   3.991   1.821    7.8919
-96.6100 39.1100     660   0.619   1.373   3.993   1.821    7.8058
-96.6100 39.1100     661   0.646   1.383   3.988   1.821    7.8388
-96.6100 39.1100     662   0.601   1.400   3.984   1.821    7.8065
-96.6100 39.1100     663   0.544   1.431   3.986   1.821    7.7817
-96.6100 39.1100     664   0.581   1.432   3.990   1.821    7.8241
-96.6100 39.1100     665   0.638   1.400   3.991   1.821    7.8500
-96.6100 39.1100     666   0.687   1.458   3.991   1.821    7.9569
-96.6100 39.1100     667   0.763   1.452   3.991   1.821    8.0271
-96.6100 39.1100     668   0.647   1.561   3.996   1.821    8.0257
-96.6100 39.1100     669   0.645   1.546   4.010   1.822    8.0228
-96.6100 39.1100     670   0.694   1.510   4.021   1.822    8.0459
-96.6100 39.1100     671   0.560   1.504   4.028   1.822    7.9142
-96.6100 39.1100     672   0.607   1.385   4.032   1.822    7.8460
-96.6100 39.1100     673   0.647   1.394   4.026   1.822    7.8893
-96.6100 39.1100     674   0.680   1.409   4.021   1.822    7.9321
-96.6100 39.1100     675   0.640   1.450   4.019   1.822    7.9306
-96.6100 39.1100     676   0.580   1.446   4.021   1.822    7.8694
-96.6100 39.1100     677   0.665   1.448   4.025   1.822    7.9608
-96.6100 39.1100     678   0.705   1.471   4.027   1.822    8.0248
-96.6100 39.1100     679   0.660   1.493   4.029   1.822    8.0050
-96.6100 39.1100     680   0.753   1.556   4.037   1.822    8.1688
-96.6100 39.1100     681   0.757   1.589   4.048   1.823    8.2161
-96.6100 39.1100     682   0.624   1.616   4.062   1.823    8.1255
-96.6100 39.1100     683   0.603   1.517   4.078   1.823    8.0219
-96.6100 39.1100     684   0.754   1.385   4.077   1.823    8.0381
-96.6100 39.1100     685   0.659   1.466   4.069   1.823    8.0167
-96.6100 39.1100     686   0.579   1.436   4.069   1.823    7.9070
-96.6100 39.1100     687   0.612   1.349   4.063   1.823    7.8471
-96.6100 39.1100     688   0.600   1.355   4.053   1.823    7.8311
-96.6100 39.1100     689   0.602   1.344   4.043   1.823    7.8116
-96.6100 39.1100     690   0.577   1.345   4.034   1.823    7.7795
-96.6100 39.1100     691   0.520   1.339   4.027   1.823    7.7082
-96.6100 39.1100     692   0.582   1.274   4.016   1.823    7.6936
-96.6100 39.1100     693   0.553   1.303   4.002   1.823    7.6810
-96.6100 39.1100     694   0.618   1.254   3.985   1.822    7.6799
-96.6100 39.1100     695   0.557   1.274   3.966   1.822    7.6191
-96.6100 39.1100     696   0.599   1.245   3.948   1.822    7.6136
-96.6100 39.1100     697   0.599   1.280   3.933   1.822    7.6336
-96.6100 39.1100     698   0.580   1.293   3.920   1.822    7.6140
-96.6100 39.1100     699   0.648   1.316   3.910   1.821    7.6958
-96.6100 39.1100     700   0.573   1.352   3.902   1.821    7.6488
-96.6100 39.1100     701   0.577   1.403   3.903   1.821    7.7048
-96.6100 39.1100     702   0.522   1.405   3.907   1.821    7.6549
-96.6100 39.1100     703   0.638   1.336   3.907   1.821    7.7023
-96.6100 39.1100     704   0.545   1.333   3.900   1.821    7.5990
-96.6100 39.1100     705   0.607   1.270   3.890   1.821    7.5880
-96.6100 39.1100     706   0.654   1.314   3.879   1.821    7.6677
-96.6100 39.1100     707   0.553   1.363   3.874   1.821    7.6103
-96.6100 39.1100     708   0.651   1.364   3.873   1.821    7.7083
-96.6100 39.1100     709   0.772   1.377   3.868   1.820    7.8374
-96.6100 39.1100     710   0.661   1.525   3.871   1.820    7.8770
-96.6100 39.1100     711   0.679   1.413   3.879   1.821    7.7919
-96.6100 39.1100     712   0.624   1.474   3.884   1.821    7.8030
-96.6100 39.1100     713   0.674   1.412   3.890   1.821    7.7967
-96.6100 39.1100     714   0.647   1.398   3.889   1.821    7.7551
-96.6100 39.1100     715   0.608   1.395   3.889   1.821    7.7132
-96.6100 39.1100     716   0.619   1.360   3.888   1.821    7.6880
-96.6100 39.1100     717   0.609   1.356   3.884   1.820    7.6695
-96.6100 39.1100     718   0.570   1.324   3.879   1.820    7.5930
-96.6100 39.1100     719   0.567   1.279   3.870   1.820    7.5363
-96.6100 39.1100     720   0.683   1.300   3.860   1.820    7.6625
-96.6100 39.1100     721   0.637   1.346   3.850   1.820    7.6522
-96.6100 39.1100     722   0.674   1.380   3.847   1.820    7.7201
-96.6100 39.1100     723   0.686   1.387   3.845   1.820    7.7378
-96.6100 39.1100     724   0.572   1.447   3.848   1.820    7.6867
-96.6100 39.1100     725   0.647   1.451   3.858   1.820    7.7754
-96.6100 39.1100     726   0.640   1.487   3.867   1.820    7.8129
-96.6100 39.1100     727   0.551   1.520   3.879   1.820    7.7699
-96.6100 39.1100     728   0.723   1.401   3.890   1.820    7.8347
-96.6100 39.1100     729   0.646   1.428   3.889   1.820    7.7833
-96.6100 39.1100     730   0.642   1.381   3.890   1.820    7.7327
-96.6100 39.1100     731   0.696   1.318   3.881   1.820    7.7143
-96.6100 39.1100     732   0.712   1.354   3.869   1.820    7.7550
-96.6100 39.1100     733   0.759   1.449   3.867   1.820    7.8951
-96.6100 39.1100     734   0.648   1.530   3.875   1.820    7.8718
-96.6100 39.1100     735   0.682   1.445   3.886   1.820    7.8333
-96.6100 39.1100     736   0.650   1.510   3.894   1.820    7.8734
-96.6100 39.1100     737   0.658   1.491   3.906   1.820    7.8749
-96.6100 39.1100     738   0.666   1.469   3.914   1.820    7.8694
-96.6100 39.1100     739   0.510   1.431   3.920   1.820    7.6813
-96.6100 39.1100     740   0.655   1.341   3.922   1.820    7.7383
-96.6100 39.1100     741   0.725   1.365   3.914   1.820    7.8244
-96.6100 39.1100     742   0.667   1.423   3.909   1.820    7.8189
-96.6100 39.1100     743   0.627   1.433   3.912   1.820    7.7918
-96.6100 39.1100     744   0.582   1.354   3.910   1.820    7.6674
-96.6100 39.1100     745   0.543   1.391   3.911   1.820    7.6648
-96.6100 39.1100     746   0.650   1.349   3.911   1.820    7.7295
-96.6100 39.1100     747   0.876   1.388   3.904   1.820    7.9867
-96.6100 39.1100     748   0.665   1.569   3.905   1.820    7.9577
-96.6100 39.1100     749   0.629   1.515   3.921   1.820    7.8852
-96.6100 39.1100     750   0.677   1.478   3.932   1.820    7.9080
-96.6100 39.1100     751   0.608   1.460   3.939   1.820    7.8267
-96.6100 39.1100     752   0.580   1.394   3.942   1.820    7.7367
-96.6100 39.1100     753   0.583   1.323   3.938   1.820    7.6642
-96.6100 39.1100     754   0.570   1.258   3.924   1.820    7.5717
-96.6100 39.1100     755   0.541   1.290   3.913   1.820    7.5638
-96.6100 39.1100     756   0.585   1.322   3.907   1.820    7.6342
-96.6100 39.1100     757   0.720   1.372   3.903   1.820    7.8150
-96.6100 39.1100     758   0.686   1.447   3.901   1.820    7.8542
-96.6100 39.1100     759   0.685   1.423   3.903   1.820    7.8319
-96.6100 39.1100     760   0.719   1.422   3.903   1.820    7.8633
-96.6100 39.1100     761   0.607   1.463   3.906   1.820    7.7953
-96.6100 39.1100     762   0.553   1.407   3.912   1.820    7.6919
-96.6100 39.1100     763   0.614   1.365   3.913   1.820    7.7123
-96.6100 39.1100     764   0.625   1.365   3.910   1.820    7.7203
-96.6100 39.1100     765   0.600   1.393   3.908   1.820    7.7203
-96.6100 39.1100     766   0.690   1.325   3.902   1.820    7.7365
-96.6100 39.1100     767   0.587   1.355   3.893   1.819    7.6546
-96.6100 39.1100     768   0.620   1.329   3.888   1.819    7.6575
-96.6100 39.1100     769   0.546   1.346   3.883   1.819    7.5952
-96.6100 39.1100     770   0.680   1.294   3.877   1.819    7.6705
-96.6100 39.1100     771   0.666   1.402   3.871   1.819    7.7575
-96.6100 39.1100     772   0.829   1.415   3.870   1.819    7.9336
-96.6100 39.1100     773   0.691   1.550   3.874   1.819    7.9346
-96.6100 39.1100     774   0.704   1.559   3.891   1.819    7.9731
-96.6100 39.1100     775   0.865   1.523   3.905   1.819    8.1121
-96.6100 39.1100     776   0.627   1.642   3.919   1.820    8.0071
-96.6100 39.1100     777   0.654   1.591   3.943   1.820    8.0077
-96.6100 39.1100     778   0.635   1.558   3.962   1.820    7.9750
-96.6100 39.1100     779   0.675   1.452   3.972   1.820    7.9205
-96.6100 39.1100     780   0.664   1.487   3.977   1.820    7.9490
-96.6100 39.1100     781   0.685   1.463   3.982   1.821    7.9501
-96.6100 39.1100     782   0.725   1.463   3.984   1.821    7.9933
-96.6100 39.1100     783   0.668   1.503   3.988   1.821    7.9800
-96.6100 39.1100     784   0.611   1.517   3.997   1.821    7.9467
-96.6100 39.1100     785   0.664   1.459   4.006   1.821    7.9496
-96.6100 39.1100     786   0.678   1.408   4.004   1.821    7.9102
-96.6100 39.1100     787   0.666   1.404   3.998   1.821    7.8891
-96.6100 39.1100     788   0.701   1.417   3.995   1.821    7.9331
-96.6100 39.1100     789   0.631   1.413   3.991   1.821    7.8559
-96.6100 39.1100     790   0.644   1.373   3.986   1.821    7.8242
-96.6100 39.1100     791   0.648   1.396   3.981   1.821    7.8468
-96.6100 39.1100     792   0.637   1.365   3.976   1.821    7.7989
-96.6100 39.1100     793   0.731   1.328   3.963   1.821    7.8430
-96.6100 39.1100     794   0.613   1.374   3.950   1.820    7.7576
-96.6100 39.1100     795   0.648   1.350   3.944   1.820    7.7622
-96.6100 39.1100     796   0.654   1.304   3.931   1.820    7.7092
-96.6100 39.1100     797   0.682   1.340   3.919   1.820    7.7607
-96.6100 39.1100     798   0.661   1.314   3.904   1.820    7.6992
-96.6100 39.1100     799   0.631   1.363   3.897   1.820    7.7109
-96.6100 39.1100     800   0.608   1.406   3.896   1.820    7.7308
-96.6100 39.1100     801   0.788   1.355   3.894   1.820    7.8554
-96.6100 39.1100     802   0.731   1.496   3.891   1.819    7.9377
-96.6100 39.1100     803   0.672   1.507   3.901   1.820    7.9001
-96.6100 39.1100     804   0.745   1.485   3.911   1.820    7.9600
-96.6100 39.1100     805   0.694   1.496   3.917   1.820    7.9274
-96.6100 39.1100     806   0.649   1.468   3.925   1.820    7.8619
-96.6100 39.1100     807   0.646   1.480   3.933   1.820    7.8778
-96.6100 39.1100     808   0.538   1.487   3.942   1.820    7.7871
-96.6100 39.1100     809   0.614   1.418   3.951   1.820    7.8029
-96.6100 39.1100     810   0.739   1.417   3.951   1.820    7.9273
-96.6100 39.1100     811   0.650   1.432   3.948   1.820    7.8507
-96.6100 39.1100     812   0.618   1.506   3.954   1.820    7.8978
-96.6100 39.1100     813   0.701   1.497   3.964   1.821    7.9829
-96.6100 39.1100     814   0.681   1.550   3.974   1.821    8.0252
-96.6100 39.1100     815   0.661   1.469   3.983   1.821    7.9344
-96.6100 39.1100     816   0.654   1.432   3.985   1.821    7.8923
-96.6100 39.1100     817   0.556   1.408   3.985   1.821    7.7698
-96.6100 39.1100     818   0.627   1.298   3.978   1.821    7.7229
-96.6100 39.1100     819   0.584   1.257   3.958   1.821    7.6194
-96.6100 39.1100     820   0.584   1.184   3.930   1.820    7.5181
-96.6100 39.1100     821   0.536   1.231   3.910   1.820    7.4969
-96.6100 39.1100     822   0.622   1.223   3.893   1.820    7.5577
-96.6100 39.1100     823   0.654   1.296   3.878   1.819    7.6468
-96.6100 39.1100     824   0.690   1.392   3.873   1.819    7.7737
-96.6100 39.1100     825   0.586   1.363   3.868   1.819    7.6366
-96.6100 39.1100     826   0.540   1.340   3.867   1.819    7.5657
-96.6100 39.1100     827   0.530   1.285   3.862   1.819    7.4956
-96.6100 39.1100     828   0.566   1.227   3.850   1.819    7.4618
-96.6100 39.1100     829   0.591   1.225   3.833   1.818    7.4668
-96.6100 39.1100     830   0.594   1.240   3.817   1.818    7.4687
-96.6100 39.1100     831   0.650   1.291   3.806   1.818    7.5645
-96.6100 39.1100     832   0.645   1.305   3.796   1.818    7.5633
-96.6100 39.1100     833   0.554   1.340   3.791   1.817    7.5019
-96.6100 39.1100     834   0.604   1.315   3.790   1.817    7.5254
-96.6100 39.1100     835   0.517   1.332   3.787   1.817    7.4538
-96.6100 39.1100     836   0.597   1.218   3.779   1.817    7.4111
-96.6100 39.1100     837   0.605   1.206   3.759   1.817    7.3866
-96.6100 39.1100     838   0.589   1.219   3.741   1.816    7.3657
-96.6100 39.1100     839   0.514   1.257   3.731   1.816    7.3189
-96.6100 39.1100     840   0.606   1.213   3.722   1.816    7.3570
-96.6100 39.1100     841   0.593   1.215   3.705   1.815    7.3283
-96.6100 39.1100     842   0.648   1.256   3.694   1.815    7.4132
-96.6100 39.1100     843   0.764   1.340   3.688   1.815    7.6070
-96.6100 39.1100     844   0.772   1.509   3.693   1.815    7.7886
-96.6100 39.1100     845   0.984   1.533   3.708   1.815    8.0407
-96.6100 39.1100     846   0.679   1.710   3.729   1.815    7.9319
-96.6100 39.1100     847   0.609   1.694   3.765   1.816    7.8842
-96.6100 39.1100     848   0.648   1.555   3.799   1.816    7.8183
-96.6100 39.1100     849   0.762   1.533   3.819   1.816    7.9303
-96.6100 39.1100     850   0.654   1.577   3.836   1.816    7.8827
-96.6100 39.1100     851   0.691   1.573   3.857   1.817    7.9378
-96.6100 39.1100     852   0.647   1.521   3.875   1.817    7.8602
-96.6100 39.1100     853   0.605   1.497   3.888   1.817    7.8081
-96.6100 39.1100     854   0.612   1.473   3.900   1.817    7.8015
-96.6100 39.1100     855   0.640   1.451   3.908   1.817    7.8172
-96.6100 39.1100     856   0.558   1.441   3.914   1.817    7.7306
-96.6100 39.1100     857   0.468   1.375   3.919   1.818    7.5797
-96.6100 39.1100     858   0.645   1.340   3.920   1.818    7.7227
-96.6100 39.1100     859   0.806   1.362   3.911   1.817    7.8968
-96.6100 39.1100     860   0.665   1.473   3.907   1.817    7.8612
-96.6100 39.1100     861   0.599   1.504   3.916   1.817    7.8361
-96.6100 39.1100     862   0.641   1.389   3.923   1.818    7.7697
-96.6100 39.1100     863   0.594   1.367   3.919   1.817    7.6981
-96.6100 39.1100     864   0.644   1.294   3.910   1.817    7.6654
-96.6100 39.1100     865   0.632   1.295   3.895   1.817    7.6395
-96.6100 39.1100     866   0.707   1.337   3.885   1.817    7.7463
-96.6100 39.1100     867   0.633   1.434   3.882   1.817    7.7653
-96.6100 39.1100     868   0.618   1.387   3.885   1.817    7.7060
-96.6100 39.1100     869   0.660   1.371   3.883   1.817    7.7316
-96.6100 39.1100     870   0.630   1.425   3.883   1.817    7.7549
-96.6100 39.1100     871   0.595   1.458   3.889   1.817    7.7597
-96.6100 39.1100     872   0.618   1.417   3.896   1.817    7.7484
-96.6100 39.1100     873   0.692   1.442   3.900   1.817    7.8516
-96.6100 39.1100     874   0.614   1.514   3.908   1.817    7.8529
-96.6100 39.1100     875   0.678   1.501   3.921   1.817    7.9174
-96.6100 39.1100     876   0.617   1.483   3.930   1.817    7.8461
-96.6100 39.1100     877   0.706   1.469   3.938   1.817    7.9301
-96.6100 39.1100     878   0.617   1.476   3.943   1.818    7.8543
-96.6100 39.1100     879   0.571   1.509   3.953   1.818    7.8506
-96.6100 39.1100     880   0.569   1.379   3.959   1.818    7.7255
-96.6100 39.1100     881   0.548   1.363   3.957   1.818    7.6862
-96.6100 39.1100     882   0.584   1.335   3.953   1.818    7.6899
-96.6100 39.1100     883   0.638   1.365   3.948   1.818    7.7691
-96.6100 39.1100     884   0.564   1.349   3.941   1.818    7.6723
-96.6100 39.1100     885   0.567   1.324   3.936   1.818    7.6450
-96.6100 39.1100     886   0.635   1.321   3.928   1.817    7.7007
-96.6100 39.1100     887   0.642   1.381   3.922   1.817    7.7616
-96.6100 39.1100     888   0.717   1.379   3.917   1.817    7.8303
-96.6100 39.1100     889   0.672   1.416   3.912   1.817    7.8166
-96.6100 39.1100     890   0.640   1.429   3.913   1.817    7.7991
-96.6100 39.1100     891   0.654   1.476   3.918   1.817    7.8654
-96.6100 39.1100     892   0.626   1.451   3.925   1.817    7.8193
-96.6100 39.1100     893   0.687   1.407   3.927   1.817    7.8386
-96.6100 39.1100     894   0.680   1.424   3.926   1.817    7.8468
-96.6100 39.1100     895   0.607   1.413   3.926   1.817    7.7633
-96.6100 39.1100     896   0.566   1.375   3.926   1.817    7.6837
-96.6100 39.1100     897   0.600   1.306   3.919   1.817    7.6420
-96.6100 39.1100     898   0.618   1.316   3.909   1.817    7.6600
-96.6100 39.1100     899   0.721   1.371   3.902   1.817    7.8102
-96.6100 39.1100     900   0.652   1.460   3.901   1.817    7.8295
-96.6100 39.1100     901   0.601   1.373   3.902   1.817    7.6925
-96.6100 39.1100     902   0.611   1.347   3.898   1.817    7.6728
-96.6100 39.1100     903   0.716   1.395   3.896   1.817    7.8240
-96.6100 39.1100     904   0.752   1.483   3.897   1.817    7.9488
-96.6100 39.1100     905   0.685   1.510   3.904   1.817    7.9164
-96.6100 39.1100     906   0.660   1.564   3.917   1.817    7.9587
-96.6100 39.1100     907   0.707   1.526   3.933   1.817    7.9833
-96.6100 39.1100     908   0.584   1.501   3.944   1.817    7.8456
-96.6100 39.1100     909   0.701   1.464   3.953   1.818    7.9352
-96.6100 39.1100     910   0.550   1.479   3.958   1.818    7.8044
-96.6100 39.1100     911   0.597   1.330   3.959   1.818    7.7032
-96.6100 39.1100     912   0.627   1.328   3.949   1.818    7.7220
-96.6100 39.1100     913   0.599   1.377   3.944   1.817    7.7376
-96.6100 39.1100     914   0.601   1.325   3.937   1.817    7.6802
-96.6100 39.1100     915   0.557   1.333   3.929   1.817    7.6356
-96.6100 39.1100     916   0.580   1.249   3.916   1.817    7.5619
-96.6100 39.1100     917   0.727   1.277   3.898   1.817    7.7189
-96.6100 39.1100     918   0.749   1.454   3.892   1.817    7.9114
-96.6100 39.1100     919   0.695   1.534   3.899   1.817    7.9453
-96.6100 39.1100     920   0.807   1.553   3.913   1.817    8.0898
-96.6100 39.1100     921   0.697   1.596   3.927   1.817    8.0369
-96.6100 39.1100     922   0.771   1.576   3.946   1.817    8.1093
-96.6100 39.1100     923   0.716   1.620   3.962   1.818    8.1159
-96.6100 39.1100     924   0.711   1.658   3.983   1.818    8.1708
-96.6100 39.1100     925   0.606   1.588   4.006   1.818    8.0175
-96.6100 39.1100     926   0.595   1.470   4.019   1.819    7.9026
-96.6100 39.1100     927   0.618   1.399   4.020   1.819    7.8558
-96.6100 39.1100     928   0.668   1.397   4.016   1.819    7.8995
-96.6100 39.1100     929   0.555   1.425   4.014   1.819    7.8127
-96.6100 39.1100     930   0.613   1.366   4.012   1.819    7.8100
-96.6100 39.1100     931   0.661   1.358   4.003   1.819    7.8406
-96.6100 39.1100     932   0.768   1.423   3.997   1.819    8.0062
-96.6100 39.1100     933   0.646   1.511   3.997   1.819    7.9725
-96.6100 39.1100     934   0.659   1.459   4.003   1.819    7.9402
-96.6100 39.1100     935   0.623   1.488   4.008   1.819    7.9375
-96.6100 39.1100     936   0.625   1.518   4.016   1.819    7.9778
-96.6100 39.1100     937   0.625   1.396   4.019   1.819    7.8595
-96.6100 39.1100     938   0.584   1.395   4.016   1.819    7.8132
-96.6100 39.1100     939   0.770   1.401   4.012   1.819    8.0031
-96.6100 39.1100     940   0.670   1.453   4.005   1.819    7.9461
-96.6100 39.1100     941   0.620   1.472   4.008   1.819    7.9192
-96.6100 39.1100     942   0.696   1.440   4.012   1.819    7.9668
-96.6100 39.1100     943   0.664   1.446   4.010   1.819    7.9395
-96.6100 39.1100     944   0.714   1.434   4.009   1.819    7.9761
-96.6100 39.1100     945   0.706   1.506   4.010   1.819    8.0412
-96.6100 39.1100     946   0.733   1.463   4.014   1.819    8.0290
-96.6100 39.1100     947   0.743   1.476   4.013   1.819    8.0516
-96.6100 39.1100     948   0.668   1.514   4.016   1.820    8.0183
-96.6100 39.1100     949   0.634   1.489   4.024   1.820    7.9667
-96.6100 39.1100     950   0.617   1.405   4.024   1.820    7.8662
-96.6100 39.1100     951   0.566   1.345   4.017   1.820    7.7483
-96.6100 39.1100     952   0.546   1.338   4.011   1.820    7.7141
-96.6100 39.1100     953   0.606   1.299   4.000   1.820    7.7247
-96.6100 39.1100     954   0.703   1.319   3.986   1.819    7.8277
-96.6100 39.1100     955   0.742   1.373   3.972   1.819    7.9064
-96.6100 39.1100     956   0.565   1.446   3.969   1.819    7.7993
-96.6100 39.1100     957   0.717   1.394   3.971   1.819    7.9003
-96.6100 39.1100     958   0.592   1.481   3.971   1.819    7.8628
-96.6100 39.1100     959   0.622   1.481   3.979   1.819    7.9016
-96.6100 39.1100     960   0.524   1.508   3.988   1.820    7.8399
-96.6100 39.1100     961   0.603   1.430   3.998   1.820    7.8512
-96.6100 39.1100     962   0.608   1.383   3.996   1.820    7.8065
-96.6100 39.1100     963   0.581   1.269   3.982   1.820    7.6514
-96.6100 39.1100     964   0.535   1.248   3.963   1.819    7.5660
-96.6100 39.1100     965   0.602   1.224   3.945   1.819    7.5888
-96.6100 39.1100     966   0.554   1.278   3.929   1.819    7.5788
-96.6100 39.1100     967   0.679   1.295   3.918   1.819    7.7106
-96.6100 39.1100     968   0.616   1.360   3.907   1.818    7.7021
-96.6100 39.1100     969   0.632   1.318   3.899   1.818    7.6671
-96.6100 39.1100     970   0.609   1.363   3.894   1.818    7.6847
-96.6100 39.1100     971   0.606   1.348   3.890   1.818    7.6629
-96.6100 39.1100     972   0.645   1.416   3.890   1.818    7.7695
-96.6100 39.1100     973   0.645   1.448   3.894   1.818    7.8059
-96.6100 39.1100     974   0.658   1.445   3.899   1.818    7.8201
-96.6100 39.1100     975   0.590   1.462   3.906   1.818    7.7765
-96.6100 39.1100     976   0.740   1.436   3.913   1.818    7.9065
-96.6100 39.1100     977   0.567   1.494   3.917   1.818    7.7972
-96.6100 39.1100     978   0.629   1.416   3.926   1.818    7.7890
-96.6100 39.1100     979   0.635   1.355   3.923   1.818    7.7311
-96.6100 39.1100     980   0.659   1.410   3.921   1.818    7.8090
-96.6100 39.1100     981   0.564   1.450   3.924   1.818    7.7565
-96.6100 39.1100     982   0.630   1.372   3.928   1.818    7.7474
-96.6100 39.1100     983   0.646   1.372   3.923   1.818    7.7591
-96.6100 39.1100     984   0.566   1.432   3.924   1.818    7.7404
-96.6100 39.1100     985   0.585   1.381   3.927   1.818    7.7117
-96.6100 39.1100     986   0.609   1.356   3.924   1.818    7.7079
-96.6100 39.1100     987   0.624   1.326   3.917   1.818    7.6855
-96.6100 39.1100     988   0.640   1.417   3.915   1.818    7.7901
-96.6100 39.1100     989   0.631   1.465   3.920   1.818    7.8346
-96.6100 39.1100     990   0.591   1.487   3.929   1.818    7.8253
-96.6100 39.1100     991   0.647   1.482   3.939   1.819    7.8862
-96.6100 39.1100     992   0.673   1.464   3.946   1.819    7.9017
-96.6100 39.1100     993   0.675   1.483   3.952   1.819    7.9288
-96.6100 39.1100     994   0.734   1.480   3.958   1.819    7.9902
-96.6100 39.1100     995   0.781   1.487   3.961   1.819    8.0480
-96.6100 39.1100     996   0.632   1.552   3.968   1.819    7.9710
-96.6100 39.1100     997   0.646   1.514   3.982   1.819    7.9612
-96.6100 39.1100     998   0.648   1.423   3.987   1.819    7.8780
-96.6100 39.1100     999   0.569   1.408   3.986   1.819    7.7829
-96.6100 39.1100    1000   0.590   1.406   3.988   1.819    7.8031
-96.6100 39.1100    1001   0.664   1.445   3.990   1.820    7.9176
-96.6100 39.1100    1002   0.714   1.442   3.990   1.820    7.9664
-96.6100 39.1100    1003   0.727   1.487   3.991   1.820    8.0239
-96.6100 39.1100    1004   0.665   1.481   3.994   1.820    7.9598
-96.6100 39.1100    1005   0.538   1.487   4.001   1.820    7.8463
-96.6100 39.1100    1006   0.653   1.339   4.002   1.820    7.8139
-96.6100 39.1100    1007   0.524   1.363   3.994   1.820    7.7001
-96.6100 39.1100    1008   0.648   1.320   3.987   1.820    7.7757
-96.6100 39.1100    1009   0.593   1.384   3.980   1.820    7.7761
-96.6100 39.1100    1010   0.640   1.360   3.975   1.820    7.7951
-96.6100 39.1100    1011   0.586   1.405   3.972   1.820    7.7829
-96.6100 39.1100    1012   0.557   1.373   3.971   1.820    7.7207
-96.6100 39.1100    1013   0.717   1.311   3.963   1.819    7.8106
-96.6100 39.1100    1014   0.638   1.375   3.950   1.819    7.7828
-96.6100 39.1100    1015   0.637   1.394   3.946   1.819    7.7969
-96.6100 39.1100    1016   0.619   1.404   3.945   1.819    7.7870
-96.6100 39.1100    1017   0.742   1.343   3.939   1.819    7.8431
-96.6100 39.1100    1018   0.636   1.452   3.934   1.819    7.8402
-96.6100 39.1100    1019   0.679   1.383   3.934   1.819    7.8149
-96.6100 39.1100    1020   0.651   1.415   3.931   1.819    7.8156
-96.6100 39.1100    1021   0.755   1.436   3.932   1.819    7.9417
-96.6100 39.1100    1022   0.635   1.517   3.935   1.819    7.9058
-96.6100 39.1100    1023   0.688   1.483   3.946   1.819    7.9360
-96.6100 39.1100    1024   0.621   1.474   3.952   1.819    7.8667
-96.6100 39.1100    1025   0.620   1.446   3.958   1.819    7.8438
-96.6100 39.1100    1026   0.676   1.407   3.959   1.819    7.8619
-96.6100 39.1100    1027   0.669   1.443   3.959   1.819    7.8910
-96.6100 39.1100    1028   0.628   1.446   3.961   1.820    7.8550
-96.6100 39.1100    1029   0.611   1.488   3.967   1.820    7.8857
-96.6100 39.1100    1030   0.649   1.386   3.970   1.820    7.8244
-96.6100 39.1100    1031   0.612   1.402   3.966   1.820    7.8007
-96.6100 39.1100    1032   0.597   1.352   3.962   1.820    7.7313
-96.6100 39.1100    1033   0.643   1.370   3.958   1.820    7.7898
-96.6100 39.1100    1034   0.604   1.442   3.957   1.820    7.8228
-96.6100 39.1100    1035   0.739   1.445   3.961   1.820    7.9653
-96.6100 39.1100    1036   0.885   1.506   3.962   1.820    8.1732
-96.6100 39.1100    1037   0.810   1.632   3.970   1.820    8.2311
-96.6100 39.1100    1038   0.763   1.626   3.989   1.820    8.1980
-96.6100 39.1100    1039   0.694   1.592   4.007   1.820    8.1134
-96.6100 39.1100    1040   0.649   1.503   4.019   1.821    7.9917
-96.6100 39.1100    1041   0.627   1.402   4.020   1.821    7.8699
-96.6100 39.1100    1042   0.588   1.375   4.015   1.821    7.7983
-96.6100 39.1100    1043   0.677   1.390   4.011   1.821    7.8987
-96.6100 39.1100    1044   0.665   1.423   4.006   1.821    7.9149
-96.6100 39.1100    1045   0.629   1.473   4.008   1.821    7.9303
-96.6100 39.1100    1046   0.712   1.447   4.011   1.821    7.9904
-96.6100 39.1100    1047   0.552   1.477   4.013   1.821    7.8625
-96.6100 39.1100    1048   0.638   1.458   4.020   1.821    7.9365
-96.6100 39.1100    1049   0.612   1.452   4.023   1.821    7.9080
-96.6100 39.1100    1050   0.647   1.448   4.025   1.821    7.9414
-96.6100 39.1100    1051   0.600   1.448   4.027   1.821    7.8957
-96.6100 39.1100    1052   0.559   1.434   4.030   1.821    7.8440
-96.6100 39.1100    1053   0.656   1.344   4.026   1.821    7.8474
-96.6100 39.1100    1054   0.677   1.358   4.013   1.821    7.8701
-96.6100 39.1100    1055   0.598   1.410   4.007   1.821    7.8363
-96.6100 39.1100    1056   0.697   1.446   4.009   1.821    7.9731
-96.6100 39.1100    1057   0.733   1.445   4.007   1.821    8.0070
-96.6100 39.1100    1058   0.694   1.540   4.011   1.821    8.0652
-96.6100 39.1100    1059   0.591   1.493   4.020   1.821    7.9249
-96.6100 39.1100    1060   0.707   1.424   4.024   1.822    7.9774
-96.6100 39.1100    1061   0.881   1.520   4.025   1.822    8.2472
-96.6100 39.1100    1062   0.698   1.597   4.030   1.822    8.1463
-96.6100 39.1100    1063   0.591   1.563   4.045   1.822    8.0211
-96.6100 39.1100    1064   0.483   1.520   4.059   1.822    7.8841
-96.6100 39.1100    1065   0.634   1.370   4.065   1.822    7.8914
-96.6100 39.1100    1066   0.563   1.329   4.052   1.822    7.7675
-96.6100 39.1100    1067   0.668   1.332   4.042   1.822    7.8644
-96.6100 39.1100    1068   0.598   1.353   4.029   1.822    7.8027
-96.6100 39.1100    1069   0.587   1.357   4.022   1.822    7.7872
-96.6100 39.1100    1070   0.710   1.356   4.013   1.822    7.9013
-96.6100 39.1100    1071   0.572   1.408   4.005   1.822    7.8065
-96.6100 39.1100    1072   0.628   1.355   4.002   1.822    7.8068
-96.6100 39.1100    1073   0.643   1.329   3.990   1.822    7.7835
-96.6100 39.1100    1074   0.632   1.405   3.984   1.822    7.8425
-96.6100 39.1100    1075   0.613   1.369   3.979   1.822    7.7827
-96.6100 39.1100    1076   0.537   1.340   3.973   1.821    7.6715
-96.6100 39.1100    1077   0.582   1.286   3.964   1.821    7.6532
-96.6100 39.1100    1078   0.619   1.265   3.947   1.821    7.6523
-96.6100 39.1100    1079   0.616   1.266   3.928   1.821    7.6311
-96.6100 39.1100    1080   0.630   1.256   3.908   1.820    7.6144
-96.6100 39.1100    1081   0.631   1.322   3.896   1.820    7.6691
-96.6100 39.1100    1082   0.582   1.313   3.887   1.820    7.6021
-96.6100 39.1100    1083   0.667   1.337   3.881   1.820    7.7054
-96.6100 39.1100    1084   0.766   1.364   3.873   1.820    7.8221
-96.6100 39.1100    1085   0.611   1.478   3.873   1.820    7.7812
-96.6100 39.1100    1086   0.666   1.484   3.884   1.820    7.8533
-96.6100 39.1100    1087   0.690   1.453   3.892   1.820    7.8544
-96.6100 39.1100    1088   0.651   1.427   3.895   1.820    7.7929
-96.6100 39.1100    1089   0.595   1.454   3.900   1.820    7.7695
-96.6100 39.1100    1090   0.643   1.432   3.907   1.820    7.8022
-96.6100 39.1100    1091   0.750   1.433   3.910   1.820    7.9135
-96.6100 39.1100    1092   0.735   1.471   3.911   1.820    7.9377
-96.6100 39.1100    1093   0.725   1.536   3.919   1.820    8.0004
-96.6100 39.1100    1094   0.670   1.566   3.934   1.821    7.9900
-96.6100 39.1100    1095   0.703   1.562   3.950   1.821    8.0363
-96.6100 39.1100    1096   0.754   1.544   3.964   1.821    8.0831
-96.6100 39.1100    1097   0.667   1.594   3.978   1.821    8.0603
-96.6100 39.1100    1098   0.662   1.492   3.992   1.821    7.9680
-96.6100 39.1100    1099   0.641   1.461   3.997   1.822    7.9203
-96.6100 39.1100    1100   0.587   1.465   4.002   1.822    7.8757
-96.6100 39.1100    1101   0.766   1.353   3.999   1.822    7.9401
-96.6100 39.1100    1102   0.612   1.454   3.992   1.822    7.8792
-96.6100 39.1100    1103   0.560   1.471   3.998   1.822    7.8503
-96.6100 39.1100    1104   0.586   1.332   3.997   1.822    7.7363
-96.6100 39.1100    1105   0.582   1.284   3.983   1.822    7.6710
-96.6100 39.1100    1106   0.555   1.301   3.971   1.821    7.6488
-96.6100 39.1100    1107   0.579   1.292   3.961   1.821    7.6534
-96.6100 39.1100    1108   0.612   1.340   3.954   1.821    7.7265
-96.6100 39.1100    1109   0.704   1.327   3.944   1.821    7.7964
-96.6100 39.1100    1110   0.678   1.385   3.934   1.821    7.8182
-96.6100 39.1100    1111   0.616   1.350   3.925   1.821    7.7117
-96.6100 39.1100    1112   0.577   1.421   3.925   1.821    7.7445
-96.6100 39.1100    1113   0.661   1.403   3.928   1.821    7.8128
-96.6100 39.1100    1114   0.614   1.389   3.927   1.821    7.7503
-96.6100 39.1100    1115   0.630   1.362   3.924   1.821    7.7364
-96.6100 39.1100    1116   0.661   1.353   3.917   1.821    7.7518
-96.6100 39.1100    1117   0.585   1.354   3.911   1.820    7.6710
-96.6100 39.1100    1118   0.540   1.331   3.906   1.820    7.5968
-96.6100 39.1100    1119   0.593   1.288   3.899   1.820    7.6009
-96.6100 39.1100    1120   0.596   1.284   3.887   1.820    7.5872
-96.6100 39.1100    1121   0.597   1.308   3.878   1.820    7.6028
-96.6100 39.1100    1122   0.688   1.314   3.869   1.820    7.6897
-96.6100 39.1100    1123   0.625   1.367   3.861   1.820    7.6732
-96.6100 39.1100    1124   0.644   1.325   3.856   1.819    7.6443
-96.6100 39.1100    1125   0.662   1.341   3.848   1.819    7.6703
-96.6100 39.1100    1126   0.643   1.354   3.843   1.819    7.6589
-96.6100 39.1100    1127   0.689   1.307   3.834   1.819    7.6480
-96.6100 39.1100    1128   0.654   1.334   3.823   1.819    7.6293
-96.6100 39.1100    1129   0.654   1.319   3.815   1.818    7.6056
-96.6100 39.1100    1130   0.780   1.310   3.803   1.818    7.7109
-96.6100 39.1100    1131   0.843   1.409   3.793   1.818    7.8630
-96.6100 39.1100    1132   0.749   1.534   3.797   1.818    7.8979
-96.6100 39.1100    1133   0.673   1.542   3.814   1.818    7.8475
-96.6100 39.1100    1134   0.634   1.490   3.830   1.818    7.7727
-96.6100 39.1100    1135   0.572   1.421   3.840   1.818    7.6516
-96.6100 39.1100    1136   0.629   1.364   3.844   1.818    7.6563
-96.6100 39.1100    1137   0.617   1.359   3.842   1.818    7.6359
-96.6100 39.1100    1138   0.669   1.326   3.836   1.818    7.6497
-96.6100 39.1100    1139   0.756   1.359   3.829   1.818    7.7610
-96.6100 39.1100    1140   0.844   1.417   3.822   1.818    7.9005
-96.6100 39.1100    1141   0.834   1.515   3.823   1.818    7.9905
-96.6100 39.1100    1142   0.687   1.554   3.836   1.818    7.8947
-96.6100 39.1100    1143   0.688   1.517   3.853   1.818    7.8758
-96.6100 39.1100    1144   0.646   1.488   3.865   1.818    7.8174
-96.6100 39.1100    1145   0.665   1.418   3.872   1.818    7.7732
-96.6100 39.1100    1146   0.654   1.377   3.871   1.818    7.7203
-96.6100 39.1100    1147   0.610   1.344   3.866   1.818    7.6383
-96.6100 39.1100    1148   0.650   1.326   3.860   1.818    7.6535
-96.6100 39.1100    1149   0.653   1.358   3.854   1.818    7.6824
-96.6100 39.1100    1150   0.692   1.350   3.848   1.818    7.7084
-96.6100 39.1100    1151   0.633   1.360   3.841   1.818    7.6510
-96.6100 39.1100    1152   0.680   1.316   3.834   1.817    7.6480
