     Lon     Lat    Year    ANGE    PAVI   Total
-96.6100 39.1100       0  0.0000  0.0000     0.0
-96.6100 39.1100       1  0.5098  0.6708     1.2
-96.6100 39.1100       2  0.6219  0.7592     1.4
-96.6100 39.1100       3  0.5271  0.6492     1.2
-96.6100 39.1100       4  0.6461  0.7266     1.4
-96.6100 39.1100       5  0.6606  0.6723     1.3
-96.6100 39.1100       6  0.7694  0.7339     1.5
-96.6100 39.1100       7  0.6954  0.6073     1.3
-96.6100 39.1100       8  0.7179  0.5640     1.3
-96.6100 39.1100       9  0.7205  0.4795     1.2
-96.6100 39.1100      10  0.7678  0.3948     1.2
-96.6100 39.1100      11  0.7861  0.0185     0.8
-96.6100 39.1100      12  0.8524  0.0785     0.9
-96.6100 39.1100      13  0.8865  0.0314     0.9
-96.6100 39.1100      14  0.9019  0.0293     0.9
-96.6100 39.1100      15  0.8740  0.0442     0.9
-96.6100 39.1100      16  0.8021  0.0484     0.9
-96.6100 39.1100      17  0.8368  0.0658     0.9
-96.6100 39.1100      18  0.8799  0.1537     1.0
-96.6100 39.1100      19  0.8967  0.0674     1.0
-96.6100 39.1100      20  0.8451  0.0762     0.9
-96.6100 39.1100      21  0.8431  0.0756     0.9
-96.6100 39.1100      22  0.8435  0.0975     0.9
-96.6100 39.1100      23  0.8662  0.0872     1.0
-96.6100 39.1100      24  0.8590  0.0967     1.0
-96.6100 39.1100      25  0.8121  0.0905     0.9
-96.6100 39.1100      26  0.8277  0.1018     0.9
-96.6100 39.1100      27  0.7826  0.1059     0.9
-96.6100 39.1100      28  0.8048  0.1165     0.9
-96.6100 39.1100      29  0.8379  0.1245     1.0
-96.6100 39.1100      30  0.7632  0.1204     0.9
-96.6100 39.1100      31  0.7639  0.1436     0.9
-96.6100 39.1100      32  0.7419  0.1939     0.9
-96.6100 39.1100      33  0.8278  0.1520     1.0
-96.6100 39.1100      34  0.8377  0.1463     1.0
-96.6100 39.1100      35  0.8260  0.1435     1.0
-96.6100 39.1100      36  0.8388  0.1764     1.0
-96.6100 39.1100      37  0.8183  0.1351     1.0
-96.6100 39.1100      38  0.8214  0.1471     1.0
-96.6100 39.1100      39  0.8066  0.1558     1.0
-96.6100 39.1100      40  0.8199  0.1578     1.0
-96.6100 39.1100      41  0.8216  0.1574     1.0
-96.6100 39.1100      42  0.7923  0.1491     0.9
-96.6100 39.1100      43  0.7665  0.2332     1.0
-96.6100 39.1100      44  0.8368  0.1507     1.0
-96.6100 39.1100      45  0.7598  0.1414     0.9
-96.6100 39.1100      46  0.8130  0.1590     1.0
-96.6100 39.1100      47  0.8261  0.1605     1.0
-96.6100 39.1100      48  0.8201  0.1657     1.0
-96.6100 39.1100      49  0.8225  0.1849     1.0
-96.6100 39.1100      50  0.8352  0.1521     1.0
-96.6100 39.1100      51  0.8320  0.1692     1.0
-96.6100 39.1100      52  0.8143  0.1714     1.0
-96.6100 39.1100      53  0.7985  0.2455     1.0
-96.6100 39.1100      54  0.8328  0.1775     1.0
-96.6100 39.1100      55  0.7875  0.2847     1.1
-96.6100 39.1100      56  0.8034  0.1890     1.0
-96.6100 39.1100      57  0.7881  0.1889     1.0
-96.6100 39.1100      58  0.7773  0.1722     0.9
-96.6100 39.1100      59  0.7995  0.2038     1.0
-96.6100 39.1100      60  0.8554  0.1862     1.0
-96.6100 39.1100      61  0.8044  0.1549     1.0
-96.6100 39.1100      62  0.7510  0.1423     0.9
-96.6100 39.1100      63  0.8011  0.1437     0.9
-96.6100 39.1100      64  0.8229  0.1367     1.0
-96.6100 39.1100      65  0.7899  0.1271     0.9
-96.6100 39.1100      66  0.7793  0.1275     0.9
-96.6100 39.1100      67  0.7868  0.1334     0.9
-96.6100 39.1100      68  0.7748  0.1303     0.9
-96.6100 39.1100      69  0.7512  0.1163     0.9
-96.6100 39.1100      70  0.7940  0.1163     0.9
-96.6100 39.1100      71  0.8195  0.1172     0.9
-96.6100 39.1100      72  0.8148  0.1438     1.0
-96.6100 39.1100      73  0.8504  0.1192     1.0
-96.6100 39.1100      74  0.8701  0.1163     1.0
-96.6100 39.1100      75  0.8409  0.1141     1.0
-96.6100 39.1100      76  0.8171  0.1172     0.9
-96.6100 39.1100      77  0.8250  0.1238     0.9
-96.6100 39.1100      78  0.8131  0.1990     1.0
-96.6100 39.1100      79  0.8070  0.1184     0.9
-96.6100 39.1100      80  0.7634  0.1342     0.9
-96.6100 39.1100      81  0.7598  0.1499     0.9
-96.6100 39.1100      82  0.7592  0.1645     0.9
-96.6100 39.1100      83  0.7599  0.1749     0.9
-96.6100 39.1100      84  0.7961  0.1913     1.0
-96.6100 39.1100      85  0.7687  0.1942     1.0
-96.6100 39.1100      86  0.7329  0.1841     0.9
-96.6100 39.1100      87  0.7285  0.1892     0.9
-96.6100 39.1100      88  0.7533  0.1908     0.9
-96.6100 39.1100      89  0.7841  0.2032     1.0
-96.6100 39.1100      90  0.7788  0.1923     1.0
-96.6100 39.1100      91  0.7653  0.1799     0.9
-96.6100 39.1100      92  0.7879  0.1762     1.0
-96.6100 39.1100      93  0.7689  0.1634     0.9
-96.6100 39.1100      94  0.7939  0.1772     1.0
-96.6100 39.1100      95  0.7865  0.1802     1.0
-96.6100 39.1100      96  0.7519  0.1853     0.9
-96.6100 39.1100      97  0.7507  0.1876     0.9
-96.6100 39.1100      98  0.8175  0.2141     1.0
-96.6100 39.1100      99  0.8111  0.2103     1.0
-96.6100 39.1100     100  0.7814  0.1968     1.0
-96.6100 39.1100     101  0.7846  0.1893     1.0
-96.6100 39.1100     102  0.7766  0.1843     1.0
-96.6100 39.1100     103  0.7642  0.1709     0.9
-96.6100 39.1100     104  0.7368  0.1470     0.9
-96.6100 39.1100     105  0.7868  0.1512     0.9
-96.6100 39.1100     106  0.7821  0.1384     0.9
-96.6100 39.1100     107  0.7405  0.1979     0.9
-96.6100 39.1100     108  0.8417  0.1380     1.0
-96.6100 39.1100     109  0.7819  0.2475     1.0
-96.6100 39.1100     110  0.8010  0.1340     0.9
-96.6100 39.1100     111  0.7721  0.1454     0.9
-96.6100 39.1100     112  0.7487  0.1492     0.9
-96.6100 39.1100     113  0.7298  0.1392     0.9
-96.6100 39.1100     114  0.7492  0.1475     0.9
-96.6100 39.1100     115  0.7439  0.1559     0.9
-96.6100 39.1100     116  0.7515  0.1716     0.9
-96.6100 39.1100     117  0.7146  0.1597     0.9
-96.6100 39.1100     118  0.7365  0.1780     0.9
-96.6100 39.1100     119  0.7551  0.1747     0.9
-96.6100 39.1100     120  0.7405  0.1678     0.9
-96.6100 39.1100     121  0.7580  0.1781     0.9
-96.6100 39.1100     122  0.7414  0.3259     1.1
-96.6100 39.1100     123  0.7373  0.1815     0.9
-96.6100 39.1100     124  0.7498  0.2015     1.0
-96.6100 39.1100     125  0.7317  0.2168     0.9
-96.6100 39.1100     126  0.7646  0.2183     1.0
-96.6100 39.1100     127  0.7411  0.2184     1.0
-96.6100 39.1100     128  0.7408  0.2512     1.0
-96.6100 39.1100     129  0.7125  0.2404     1.0
-96.6100 39.1100     130  0.7361  0.2451     1.0
-96.6100 39.1100     131  0.7780  0.2499     1.0
-96.6100 39.1100     132  0.7806  0.2448     1.0
-96.6100 39.1100     133  0.7317  0.2262     1.0
-96.6100 39.1100     134  0.6970  0.2045     0.9
-96.6100 39.1100     135  0.7575  0.2290     1.0
-96.6100 39.1100     136  0.7599  0.2357     1.0
-96.6100 39.1100     137  0.7551  0.2206     1.0
-96.6100 39.1100     138  0.7261  0.1931     0.9
-96.6100 39.1100     139  0.7598  0.1879     0.9
-96.6100 39.1100     140  0.7784  0.2014     1.0
-96.6100 39.1100     141  0.7964  0.1751     1.0
-96.6100 39.1100     142  0.8040  0.1734     1.0
-96.6100 39.1100     143  0.8068  0.1693     1.0
-96.6100 39.1100     144  0.7979  0.1586     1.0
-96.6100 39.1100     145  0.7949  0.1523     0.9
-96.6100 39.1100     146  0.7297  0.1354     0.9
-96.6100 39.1100     147  0.7722  0.1369     0.9
-96.6100 39.1100     148  0.7643  0.1165     0.9
-96.6100 39.1100     149  0.7659  0.1305     0.9
-96.6100 39.1100     150  0.7432  0.1336     0.9
-96.6100 39.1100     151  0.7679  0.1397     0.9
-96.6100 39.1100     152  0.7422  0.1466     0.9
-96.6100 39.1100     153  0.7714  0.2393     1.0
-96.6100 39.1100     154  0.8144  0.1717     1.0
-96.6100 39.1100     155  0.7711  0.1666     0.9
-96.6100 39.1100     156  0.7096  0.1625     0.9
-96.6100 39.1100     157  0.7335  0.1840     0.9
-96.6100 39.1100     158  0.7312  0.1757     0.9
-96.6100 39.1100     159  0.7294  0.1572     0.9
-96.6100 39.1100     160  0.7544  0.1669     0.9
-96.6100 39.1100     161  0.7358  0.1747     0.9
-96.6100 39.1100     162  0.7811  0.1728     1.0
-96.6100 39.1100     163  0.7840  0.1706     1.0
-96.6100 39.1100     164  0.7641  0.1607     0.9
-96.6100 39.1100     165  0.7397  0.1617     0.9
-96.6100 39.1100     166  0.7104  0.1826     0.9
-96.6100 39.1100     167  0.7321  0.1826     0.9
-96.6100 39.1100     168  0.7705  0.1816     1.0
-96.6100 39.1100     169  0.8030  0.1966     1.0
-96.6100 39.1100     170  0.8139  0.2177     1.0
-96.6100 39.1100     171  0.8083  0.1714     1.0
-96.6100 39.1100     172  0.7517  0.1983     1.0
-96.6100 39.1100     173  0.7618  0.1721     0.9
-96.6100 39.1100     174  0.7892  0.1668     1.0
-96.6100 39.1100     175  0.7795  0.1772     1.0
-96.6100 39.1100     176  0.7830  0.2452     1.0
-96.6100 39.1100     177  0.8196  0.2037     1.0
-96.6100 39.1100     178  0.7666  0.2012     1.0
-96.6100 39.1100     179  0.7562  0.1894     0.9
-96.6100 39.1100     180  0.7518  0.1948     0.9
-96.6100 39.1100     181  0.7295  0.1936     0.9
-96.6100 39.1100     182  0.7197  0.1819     0.9
-96.6100 39.1100     183  0.7239  0.1915     0.9
-96.6100 39.1100     184  0.7341  0.1986     0.9
-96.6100 39.1100     185  0.7484  0.1851     0.9
-96.6100 39.1100     186  0.7829  0.1948     1.0
-96.6100 39.1100     187  0.7836  0.2065     1.0
-96.6100 39.1100     188  0.7535  0.1847     0.9
-96.6100 39.1100     189  0.7342  0.1797     0.9
-96.6100 39.1100     190  0.7378  0.1666     0.9
-96.6100 39.1100     191  0.7521  0.1602     0.9
-96.6100 39.1100     192  0.7777  0.1636     0.9
-96.6100 39.1100     193  0.7353  0.1418     0.9
-96.6100 39.1100     194  0.7639  0.1378     0.9
-96.6100 39.1100     195  0.7477  0.1328     0.9
-96.6100 39.1100     196  0.7822  0.1365     0.9
-96.6100 39.1100     197  0.7433  0.1343     0.9
-96.6100 39.1100     198  0.7289  0.1308     0.9
-96.6100 39.1100     199  0.7364  0.1359     0.9
-96.6100 39.1100     200  0.7338  0.1503     0.9
-96.6100 39.1100     201  0.7203  0.1481     0.9
-96.6100 39.1100     202  0.7527  0.1465     0.9
-96.6100 39.1100     203  0.7826  0.1554     0.9
-96.6100 39.1100     204  0.7865  0.1420     0.9
-96.6100 39.1100     205  0.6979  0.1387     0.8
-96.6100 39.1100     206  0.7656  0.1427     0.9
-96.6100 39.1100     207  0.7808  0.1582     0.9
-96.6100 39.1100     208  0.8192  0.1670     1.0
-96.6100 39.1100     209  0.7858  0.1469     0.9
-96.6100 39.1100     210  0.8027  0.1426     0.9
-96.6100 39.1100     211  0.8098  0.1553     1.0
-96.6100 39.1100     212  0.7726  0.1527     0.9
-96.6100 39.1100     213  0.8357  0.1507     1.0
-96.6100 39.1100     214  0.7557  0.1312     0.9
-96.6100 39.1100     215  0.8030  0.1330     0.9
-96.6100 39.1100     216  0.8141  0.1457     1.0
-96.6100 39.1100     217  0.7807  0.1902     1.0
-96.6100 39.1100     218  0.8255  0.1284     1.0
-96.6100 39.1100     219  0.7849  0.1205     0.9
-96.6100 39.1100     220  0.7741  0.1257     0.9
-96.6100 39.1100     221  0.7938  0.1415     0.9
-96.6100 39.1100     222  0.7826  0.1388     0.9
-96.6100 39.1100     223  0.8248  0.1718     1.0
-96.6100 39.1100     224  0.8110  0.1316     0.9
-96.6100 39.1100     225  0.7748  0.1350     0.9
-96.6100 39.1100     226  0.7739  0.1334     0.9
-96.6100 39.1100     227  0.7799  0.1309     0.9
-96.6100 39.1100     228  0.7651  0.1321     0.9
-96.6100 39.1100     229  0.7848  0.1349     0.9
-96.6100 39.1100     230  0.8152  0.1801     1.0
-96.6100 39.1100     231  0.8180  0.1417     1.0
-96.6100 39.1100     232  0.7479  0.1643     0.9
-96.6100 39.1100     233  0.7904  0.1364     0.9
-96.6100 39.1100     234  0.8310  0.1460     1.0
-96.6100 39.1100     235  0.7940  0.1367     0.9
-96.6100 39.1100     236  0.7620  0.1273     0.9
-96.6100 39.1100     237  0.8130  0.1208     0.9
-96.6100 39.1100     238  0.7861  0.1120     0.9
-96.6100 39.1100     239  0.7789  0.1142     0.9
-96.6100 39.1100     240  0.7387  0.1071     0.8
-96.6100 39.1100     241  0.7789  0.1691     0.9
-96.6100 39.1100     242  0.8077  0.1133     0.9
-96.6100 39.1100     243  0.7882  0.1259     0.9
-96.6100 39.1100     244  0.7812  0.1398     0.9
-96.6100 39.1100     245  0.8055  0.1583     1.0
-96.6100 39.1100     246  0.7788  0.1486     0.9
-96.6100 39.1100     247  0.7925  0.1493     0.9
-96.6100 39.1100     248  0.7513  0.1309     0.9
-96.6100 39.1100     249  0.7942  0.1327     0.9
-96.6100 39.1100     250  0.7868  0.1278     0.9
-96.6100 39.1100     251  0.7688  0.1203     0.9
-96.6100 39.1100     252  0.8042  0.1295     0.9
-96.6100 39.1100     253  0.7605  0.1393     0.9
-96.6100 39.1100     254  0.7998  0.1491     0.9
-96.6100 39.1100     255  0.7844  0.1462     0.9
-96.6100 39.1100     256  0.7573  0.1326     0.9
-96.6100 39.1100     257  0.7694  0.1330     0.9
-96.6100 39.1100     258  0.7663  0.2055     1.0
-96.6100 39.1100     259  0.8202  0.1423     1.0
-96.6100 39.1100     260  0.7914  0.1467     0.9
-96.6100 39.1100     261  0.7783  0.1451     0.9
-96.6100 39.1100     262  0.7849  0.1437     0.9
-96.6100 39.1100     263  0.7564  0.1401     0.9
-96.6100 39.1100     264  0.7458  0.1445     0.9
-96.6100 39.1100     265  0.7495  0.1427     0.9
-96.6100 39.1100     266  0.7648  0.1395     0.9
-96.6100 39.1100     267  0.8036  0.1421     0.9
-96.6100 39.1100     268  0.7795  0.1377     0.9
-96.6100 39.1100     269  0.7913  0.1467     0.9
-96.6100 39.1100     270  0.7701  0.1482     0.9
-96.6100 39.1100     271  0.7775  0.1656     0.9
-96.6100 39.1100     272  0.7554  0.1652     0.9
-96.6100 39.1100     273  0.7864  0.1663     1.0
-96.6100 39.1100     274  0.7656  0.2114     1.0
-96.6100 39.1100     275  0.8439  0.1637     1.0
-96.6100 39.1100     276  0.7842  0.1634     0.9
-96.6100 39.1100     277  0.7464  0.1386     0.9
-96.6100 39.1100     278  0.7894  0.1372     0.9
-96.6100 39.1100     279  0.7954  0.1477     0.9
-96.6100 39.1100     280  0.8369  0.1495     1.0
-96.6100 39.1100     281  0.7935  0.1459     0.9
-96.6100 39.1100     282  0.8227  0.1400     1.0
-96.6100 39.1100     283  0.8078  0.1281     0.9
-96.6100 39.1100     284  0.7957  0.1185     0.9
-96.6100 39.1100     285  0.7846  0.1270     0.9
-96.6100 39.1100     286  0.7874  0.1436     0.9
-96.6100 39.1100     287  0.7798  0.1489     0.9
-96.6100 39.1100     288  0.8013  0.1493     1.0
-96.6100 39.1100     289  0.7949  0.1448     0.9
-96.6100 39.1100     290  0.8193  0.1477     1.0
-96.6100 39.1100     291  0.7659  0.1565     0.9
-96.6100 39.1100     292  0.8329  0.1383     1.0
-96.6100 39.1100     293  0.8204  0.1409     1.0
-96.6100 39.1100     294  0.7966  0.1322     0.9
-96.6100 39.1100     295  0.7440  0.1339     0.9
-96.6100 39.1100     296  0.7935  0.1464     0.9
-96.6100 39.1100     297  0.8020  0.1670     1.0
-96.6100 39.1100     298  0.8077  0.1488     1.0
-96.6100 39.1100     299  0.7938  0.1513     0.9
-96.6100 39.1100     300  0.8095  0.1632     1.0
-96.6100 39.1100     301  0.7856  0.1761     1.0
-96.6100 39.1100     302  0.8006  0.1799     1.0
-96.6100 39.1100     303  0.7583  0.1885     0.9
-96.6100 39.1100     304  0.7483  0.1806     0.9
-96.6100 39.1100     305  0.7543  0.1892     0.9
-96.6100 39.1100     306  0.7205  0.2008     0.9
-96.6100 39.1100     307  0.7645  0.1933     1.0
-96.6100 39.1100     308  0.7703  0.2170     1.0
-96.6100 39.1100     309  0.7507  0.2109     1.0
-96.6100 39.1100     310  0.7612  0.2051     1.0
-96.6100 39.1100     311  0.7101  0.1803     0.9
-96.6100 39.1100     312  0.7299  0.1916     0.9
-96.6100 39.1100     313  0.7329  0.1920     0.9
-96.6100 39.1100     314  0.7754  0.2040     1.0
-96.6100 39.1100     315  0.7488  0.1779     0.9
-96.6100 39.1100     316  0.7225  0.1741     0.9
-96.6100 39.1100     317  0.7617  0.1920     1.0
-96.6100 39.1100     318  0.7302  0.1805     0.9
-96.6100 39.1100     319  0.7388  0.1844     0.9
-96.6100 39.1100     320  0.7906  0.1976     1.0
-96.6100 39.1100     321  0.7914  0.1873     1.0
-96.6100 39.1100     322  0.7909  0.1725     1.0
-96.6100 39.1100     323  0.7469  0.1697     0.9
-96.6100 39.1100     324  0.7288  0.1728     0.9
-96.6100 39.1100     325  0.7422  0.1906     0.9
-96.6100 39.1100     326  0.7427  0.1856     0.9
-96.6100 39.1100     327  0.7534  0.1825     0.9
-96.6100 39.1100     328  0.7543  0.1655     0.9
-96.6100 39.1100     329  0.7620  0.1721     0.9
-96.6100 39.1100     330  0.7475  0.1618     0.9
-96.6100 39.1100     331  0.7255  0.1522     0.9
-96.6100 39.1100     332  0.7114  0.1677     0.9
-96.6100 39.1100     333  0.7272  0.2973     1.0
-96.6100 39.1100     334  0.7827  0.1762     1.0
-96.6100 39.1100     335  0.7742  0.1740     0.9
-96.6100 39.1100     336  0.7533  0.1868     0.9
-96.6100 39.1100     337  0.7881  0.1619     0.9
-96.6100 39.1100     338  0.7693  0.1562     0.9
-96.6100 39.1100     339  0.7611  0.1832     0.9
-96.6100 39.1100     340  0.7470  0.1782     0.9
-96.6100 39.1100     341  0.7026  0.1620     0.9
-96.6100 39.1100     342  0.7763  0.1691     0.9
-96.6100 39.1100     343  0.7928  0.2337     1.0
-96.6100 39.1100     344  0.8057  0.1779     1.0
-96.6100 39.1100     345  0.7491  0.1794     0.9
-96.6100 39.1100     346  0.7525  0.1751     0.9
-96.6100 39.1100     347  0.7664  0.1825     0.9
-96.6100 39.1100     348  0.7714  0.1741     0.9
-96.6100 39.1100     349  0.7631  0.1706     0.9
-96.6100 39.1100     350  0.7414  0.1593     0.9
-96.6100 39.1100     351  0.7561  0.1541     0.9
-96.6100 39.1100     352  0.7098  0.1560     0.9
-96.6100 39.1100     353  0.7731  0.1441     0.9
-96.6100 39.1100     354  0.7670  0.1469     0.9
-96.6100 39.1100     355  0.7883  0.1756     1.0
-96.6100 39.1100     356  0.7649  0.1772     0.9
-96.6100 39.1100     357  0.7850  0.1832     1.0
-96.6100 39.1100     358  0.7460  0.1648     0.9
-96.6100 39.1100     359  0.7823  0.1707     1.0
-96.6100 39.1100     360  0.7360  0.1689     0.9
-96.6100 39.1100     361  0.7418  0.1713     0.9
-96.6100 39.1100     362  0.7705  0.1986     1.0
-96.6100 39.1100     363  0.6706  0.2037     0.9
-96.6100 39.1100     364  0.7151  0.1791     0.9
-96.6100 39.1100     365  0.7457  0.1930     0.9
-96.6100 39.1100     366  0.7522  0.1893     0.9
-96.6100 39.1100     367  0.7453  0.1875     0.9
-96.6100 39.1100     368  0.7494  0.2090     1.0
-96.6100 39.1100     369  0.7639  0.2519     1.0
-96.6100 39.1100     370  0.7882  0.2330     1.0
-96.6100 39.1100     371  0.7592  0.2187     1.0
-96.6100 39.1100     372  0.7410  0.2095     1.0
-96.6100 39.1100     373  0.7549  0.2062     1.0
-96.6100 39.1100     374  0.7592  0.1955     1.0
-96.6100 39.1100     375  0.7411  0.1711     0.9
-96.6100 39.1100     376  0.7762  0.1724     0.9
-96.6100 39.1100     377  0.7321  0.1635     0.9
-96.6100 39.1100     378  0.7114  0.1756     0.9
-96.6100 39.1100     379  0.6941  0.1827     0.9
-96.6100 39.1100     380  0.7588  0.1818     0.9
-96.6100 39.1100     381  0.8097  0.2028     1.0
-96.6100 39.1100     382  0.7514  0.3279     1.1
-96.6100 39.1100     383  0.7725  0.2033     1.0
-96.6100 39.1100     384  0.7564  0.1965     1.0
-96.6100 39.1100     385  0.7200  0.1826     0.9
-96.6100 39.1100     386  0.7673  0.2004     1.0
-96.6100 39.1100     387  0.7738  0.2003     1.0
-96.6100 39.1100     388  0.7549  0.1904     0.9
-96.6100 39.1100     389  0.7115  0.1879     0.9
-96.6100 39.1100     390  0.7738  0.1966     1.0
-96.6100 39.1100     391  0.7449  0.1978     0.9
-96.6100 39.1100     392  0.7409  0.2024     0.9
-96.6100 39.1100     393  0.7118  0.1973     0.9
-96.6100 39.1100     394  0.7201  0.2070     0.9
-96.6100 39.1100     395  0.7281  0.2711     1.0
-96.6100 39.1100     396  0.7767  0.2065     1.0
-96.6100 39.1100     397  0.7503  0.2091     1.0
-96.6100 39.1100     398  0.6823  0.2098     0.9
-96.6100 39.1100     399  0.7121  0.2135     0.9
-96.6100 39.1100     400  0.7306  0.2288     1.0
-96.6100 39.1100     401  0.7180  0.2391     1.0
-96.6100 39.1100     402  0.6717  0.2264     0.9
-96.6100 39.1100     403  0.6787  0.2301     0.9
-96.6100 39.1100     404  0.6885  0.2376     0.9
-96.6100 39.1100     405  0.7001  0.2389     0.9
-96.6100 39.1100     406  0.7105  0.2400     1.0
-96.6100 39.1100     407  0.7111  0.2302     0.9
-96.6100 39.1100     408  0.6725  0.2139     0.9
-96.6100 39.1100     409  0.6606  0.2965     1.0
-96.6100 39.1100     410  0.7091  0.2030     0.9
-96.6100 39.1100     411  0.7493  0.2134     1.0
-96.6100 39.1100     412  0.7813  0.2076     1.0
-96.6100 39.1100     413  0.6831  0.1918     0.9
-96.6100 39.1100     414  0.6940  0.1880     0.9
-96.6100 39.1100     415  0.7322  0.1886     0.9
-96.6100 39.1100     416  0.7249  0.1985     0.9
-96.6100 39.1100     417  0.7172  0.1966     0.9
-96.6100 39.1100     418  0.6876  0.1952     0.9
-96.6100 39.1100     419  0.6847  0.1933     0.9
-96.6100 39.1100     420  0.6928  0.2304     0.9
-96.6100 39.1100     421  0.7107  0.2382     0.9
-96.6100 39.1100     422  0.6964  0.2320     0.9
-96.6100 39.1100     423  0.7121  0.2356     0.9
-96.6100 39.1100     424  0.6780  0.2315     0.9
-96.6100 39.1100     425  0.6645  0.2360     0.9
-96.6100 39.1100     426  0.6604  0.2560     0.9
-96.6100 39.1100     427  0.6699  0.2584     0.9
-96.6100 39.1100     428  0.6877  0.2596     0.9
-96.6100 39.1100     429  0.6871  0.2576     0.9
-96.6100 39.1100     430  0.7028  0.2559     1.0
-96.6100 39.1100     431  0.7175  0.2376     1.0
-96.6100 39.1100     432  0.6392  0.2137     0.9
-96.6100 39.1100     433  0.6584  0.2367     0.9
-96.6100 39.1100     434  0.6425  0.2454     0.9
-96.6100 39.1100     435  0.6701  0.2583     0.9
-96.6100 39.1100     436  0.6894  0.2626     1.0
-96.6100 39.1100     437  0.7033  0.3078     1.0
-96.6100 39.1100     438  0.7636  0.2754     1.0
-96.6100 39.1100     439  0.7702  0.2701     1.0
-96.6100 39.1100     440  0.6794  0.3042     1.0
-96.6100 39.1100     441  0.7035  0.2525     1.0
-96.6100 39.1100     442  0.6069  0.3403     0.9
-96.6100 39.1100     443  0.6512  0.2539     0.9
-96.6100 39.1100     444  0.6603  0.2809     0.9
-96.6100 39.1100     445  0.7204  0.2808     1.0
-96.6100 39.1100     446  0.7411  0.2650     1.0
-96.6100 39.1100     447  0.6800  0.2438     0.9
-96.6100 39.1100     448  0.6892  0.2701     1.0
-96.6100 39.1100     449  0.6748  0.2703     0.9
-96.6100 39.1100     450  0.6870  0.2609     0.9
-96.6100 39.1100     451  0.6406  0.2450     0.9
-96.6100 39.1100     452  0.6474  0.2505     0.9
-96.6100 39.1100     453  0.6372  0.2581     0.9
-96.6100 39.1100     454  0.6257  0.3189     0.9
-96.6100 39.1100     455  0.6726  0.2922     1.0
-96.6100 39.1100     456  0.6607  0.2756     0.9
-96.6100 39.1100     457  0.6451  0.2743     0.9
-96.6100 39.1100     458  0.6600  0.3027     1.0
-96.6100 39.1100     459  0.6401  0.3104     1.0
-96.6100 39.1100     460  0.6541  0.2961     1.0
-96.6100 39.1100     461  0.6290  0.2821     0.9
-96.6100 39.1100     462  0.6348  0.3041     0.9
-96.6100 39.1100     463  0.6222  0.3203     0.9
-96.6100 39.1100     464  0.6486  0.3554     1.0
-96.6100 39.1100     465  0.6407  0.3434     1.0
-96.6100 39.1100     466  0.6566  0.3197     1.0
-96.6100 39.1100     467  0.6567  0.3202     1.0
-96.6100 39.1100     468  0.6600  0.3339     1.0
-96.6100 39.1100     469  0.6322  0.3250     1.0
-96.6100 39.1100     470  0.6975  0.3370     1.0
-96.6100 39.1100     471  0.6345  0.3127     0.9
-96.6100 39.1100     472  0.6429  0.2893     0.9
-96.6100 39.1100     473  0.6125  0.3020     0.9
-96.6100 39.1100     474  0.6673  0.3084     1.0
-96.6100 39.1100     475  0.6791  0.3101     1.0
-96.6100 39.1100     476  0.6218  0.3877     1.0
-96.6100 39.1100     477  0.6619  0.3011     1.0
-96.6100 39.1100     478  0.6296  0.3147     0.9
-96.6100 39.1100     479  0.6544  0.3276     1.0
-96.6100 39.1100     480  0.6436  0.3166     1.0
-96.6100 39.1100     481  0.6587  0.3186     1.0
-96.6100 39.1100     482  0.6533  0.2972     1.0
-96.6100 39.1100     483  0.6968  0.2650     1.0
-96.6100 39.1100     484  0.6740  0.2520     0.9
-96.6100 39.1100     485  0.6649  0.3158     1.0
-96.6100 39.1100     486  0.7101  0.2614     1.0
-96.6100 39.1100     487  0.7173  0.2538     1.0
-96.6100 39.1100     488  0.6639  0.2458     0.9
-96.6100 39.1100     489  0.6821  0.2523     0.9
-96.6100 39.1100     490  0.6923  0.2606     1.0
-96.6100 39.1100     491  0.7201  0.2736     1.0
-96.6100 39.1100     492  0.6188  0.2581     0.9
-96.6100 39.1100     493  0.6642  0.2685     0.9
-96.6100 39.1100     494  0.6627  0.3025     1.0
-96.6100 39.1100     495  0.6831  0.2982     1.0
-96.6100 39.1100     496  0.6787  0.3114     1.0
-96.6100 39.1100     497  0.6521  0.2964     0.9
-96.6100 39.1100     498  0.6739  0.2819     1.0
-96.6100 39.1100     499  0.6703  0.2931     1.0
-96.6100 39.1100     500  0.6451  0.2770     0.9
-96.6100 39.1100     501  0.7136  0.2794     1.0
-96.6100 39.1100     502  0.6645  0.2691     0.9
-96.6100 39.1100     503  0.6715  0.2684     0.9
-96.6100 39.1100     504  0.6579  0.2711     0.9
-96.6100 39.1100     505  0.6884  0.2684     1.0
-96.6100 39.1100     506  0.6385  0.2456     0.9
-96.6100 39.1100     507  0.6641  0.2532     0.9
-96.6100 39.1100     508  0.6634  0.2692     0.9
-96.6100 39.1100     509  0.6740  0.2708     0.9
-96.6100 39.1100     510  0.7119  0.2823     1.0
-96.6100 39.1100     511  0.6710  0.2837     1.0
-96.6100 39.1100     512  0.6387  0.2926     0.9
-96.6100 39.1100     513  0.6649  0.2744     0.9
-96.6100 39.1100     514  0.6392  0.2899     0.9
-96.6100 39.1100     515  0.6961  0.3100     1.0
-96.6100 39.1100     516  0.6610  0.2952     1.0
-96.6100 39.1100     517  0.6720  0.3119     1.0
-96.6100 39.1100     518  0.7171  0.3120     1.0
-96.6100 39.1100     519  0.6626  0.4034     1.1
-96.6100 39.1100     520  0.6585  0.3054     1.0
-96.6100 39.1100     521  0.6880  0.3170     1.0
-96.6100 39.1100     522  0.6719  0.3153     1.0
-96.6100 39.1100     523  0.6470  0.3097     1.0
-96.6100 39.1100     524  0.6420  0.3087     1.0
-96.6100 39.1100     525  0.6713  0.2810     1.0
-96.6100 39.1100     526  0.6458  0.2690     0.9
-96.6100 39.1100     527  0.6414  0.2718     0.9
-96.6100 39.1100     528  0.6354  0.3378     1.0
-96.6100 39.1100     529  0.6785  0.2568     0.9
-96.6100 39.1100     530  0.7111  0.2556     1.0
-96.6100 39.1100     531  0.6726  0.2520     0.9
-96.6100 39.1100     532  0.6841  0.2705     1.0
-96.6100 39.1100     533  0.6579  0.2900     0.9
-96.6100 39.1100     534  0.6799  0.2698     0.9
-96.6100 39.1100     535  0.6968  0.2627     1.0
-96.6100 39.1100     536  0.6719  0.2710     0.9
-96.6100 39.1100     537  0.6712  0.2696     0.9
-96.6100 39.1100     538  0.6710  0.2812     1.0
-96.6100 39.1100     539  0.6623  0.2755     0.9
-96.6100 39.1100     540  0.6445  0.2743     0.9
-96.6100 39.1100     541  0.6414  0.2936     0.9
-96.6100 39.1100     542  0.6530  0.2695     0.9
-96.6100 39.1100     543  0.7219  0.2942     1.0
-96.6100 39.1100     544  0.6929  0.2887     1.0
-96.6100 39.1100     545  0.6750  0.2848     1.0
-96.6100 39.1100     546  0.6520  0.2759     0.9
-96.6100 39.1100     547  0.6126  0.2705     0.9
-96.6100 39.1100     548  0.6070  0.2813     0.9
-96.6100 39.1100     549  0.6946  0.4190     1.1
-96.6100 39.1100     550  0.6928  0.2596     1.0
-96.6100 39.1100     551  0.6824  0.2633     0.9
-96.6100 39.1100     552  0.6638  0.2680     0.9
-96.6100 39.1100     553  0.6654  0.2781     0.9
-96.6100 39.1100     554  0.6619  0.2812     0.9
-96.6100 39.1100     555  0.6308  0.2826     0.9
-96.6100 39.1100     556  0.5913  0.2821     0.9
-96.6100 39.1100     557  0.6562  0.3022     1.0
-96.6100 39.1100     558  0.6755  0.3090     1.0
-96.6100 39.1100     559  0.6706  0.3012     1.0
-96.6100 39.1100     560  0.6620  0.3103     1.0
-96.6100 39.1100     561  0.6834  0.3136     1.0
-96.6100 39.1100     562  0.7009  0.3129     1.0
-96.6100 39.1100     563  0.6750  0.2977     1.0
-96.6100 39.1100     564  0.6709  0.3090     1.0
-96.6100 39.1100     565  0.6291  0.3099     0.9
-96.6100 39.1100     566  0.6173  0.2969     0.9
-96.6100 39.1100     567  0.6383  0.3090     0.9
-96.6100 39.1100     568  0.6830  0.2965     1.0
-96.6100 39.1100     569  0.7222  0.3105     1.0
-96.6100 39.1100     570  0.6683  0.2873     1.0
-96.6100 39.1100     571  0.6679  0.2760     0.9
-96.6100 39.1100     572  0.6737  0.2779     1.0
-96.6100 39.1100     573  0.6378  0.2724     0.9
-96.6100 39.1100     574  0.6527  0.2835     0.9
-96.6100 39.1100     575  0.6263  0.2688     0.9
-96.6100 39.1100     576  0.6756  0.2754     1.0
-96.6100 39.1100     577  0.6621  0.2744     0.9
-96.6100 39.1100     578  0.7327  0.2750     1.0
-96.6100 39.1100     579  0.7129  0.2681     1.0
-96.6100 39.1100     580  0.6875  0.2649     1.0
-96.6100 39.1100     581  0.6829  0.2647     0.9
-96.6100 39.1100     582  0.6551  0.2570     0.9
-96.6100 39.1100     583  0.6740  0.2478     0.9
-96.6100 39.1100     584  0.6625  0.2551     0.9
-96.6100 39.1100     585  0.7142  0.2654     1.0
-96.6100 39.1100     586  0.6669  0.2562     0.9
-96.6100 39.1100     587  0.6372  0.2557     0.9
-96.6100 39.1100     588  0.6934  0.2725     1.0
-96.6100 39.1100     589  0.6714  0.3512     1.0
-96.6100 39.1100     590  0.6932  0.2780     1.0
-96.6100 39.1100     591  0.6787  0.2942     1.0
-96.6100 39.1100     592  0.6659  0.3005     1.0
-96.6100 39.1100     593  0.6227  0.3770     1.0
-96.6100 39.1100     594  0.6548  0.2992     1.0
-96.6100 39.1100     595  0.6932  0.3070     1.0
-96.6100 39.1100     596  0.6523  0.2970     0.9
-96.6100 39.1100     597  0.6539  0.3000     1.0
-96.6100 39.1100     598  0.6493  0.2970     0.9
-96.6100 39.1100     599  0.6260  0.2889     0.9
-96.6100 39.1100     600  0.6544  0.2963     1.0
-96.6100 39.1100     601  0.6249  0.3102     0.9
-96.6100 39.1100     602  0.6285  0.3215     0.9
-96.6100 39.1100     603  0.6464  0.3676     1.0
-96.6100 39.1100     604  0.6593  0.3031     1.0
-96.6100 39.1100     605  0.6514  0.3102     1.0
-96.6100 39.1100     606  0.6239  0.3127     0.9
-96.6100 39.1100     607  0.6095  0.3697     1.0
-96.6100 39.1100     608  0.6333  0.3219     1.0
-96.6100 39.1100     609  0.6957  0.3357     1.0
-96.6100 39.1100     610  0.6795  0.3186     1.0
-96.6100 39.1100     611  0.6455  0.3132     1.0
-96.6100 39.1100     612  0.6295  0.3072     0.9
-96.6100 39.1100     613  0.6078  0.3087     0.9
-96.6100 39.1100     614  0.6063  0.3813     1.0
-96.6100 39.1100     615  0.6378  0.2998     0.9
-96.6100 39.1100     616  0.6522  0.2960     0.9
-96.6100 39.1100     617  0.6386  0.2922     0.9
-96.6100 39.1100     618  0.6898  0.2925     1.0
-96.6100 39.1100     619  0.6497  0.2741     0.9
-96.6100 39.1100     620  0.6389  0.2647     0.9
-96.6100 39.1100     621  0.6479  0.2720     0.9
-96.6100 39.1100     622  0.6378  0.2783     0.9
-96.6100 39.1100     623  0.7196  0.2771     1.0
-96.6100 39.1100     624  0.6500  0.2414     0.9
-96.6100 39.1100     625  0.6357  0.2337     0.9
-96.6100 39.1100     626  0.6625  0.2681     0.9
-96.6100 39.1100     627  0.6477  0.2718     0.9
-96.6100 39.1100     628  0.6644  0.2630     0.9
-96.6100 39.1100     629  0.6552  0.2767     0.9
-96.6100 39.1100     630  0.7224  0.2687     1.0
-96.6100 39.1100     631  0.6788  0.2583     0.9
-96.6100 39.1100     632  0.6728  0.2688     0.9
-96.6100 39.1100     633  0.6425  0.2810     0.9
-96.6100 39.1100     634  0.6759  0.2836     1.0
-96.6100 39.1100     635  0.6814  0.2852     1.0
-96.6100 39.1100     636  0.6930  0.3037     1.0
-96.6100 39.1100     637  0.6956  0.2764     1.0
-96.6100 39.1100     638  0.6917  0.2819     1.0
-96.6100 39.1100     639  0.6805  0.2847     1.0
-96.6100 39.1100     640  0.6591  0.2974     1.0
-96.6100 39.1100     641  0.6278  0.2917     0.9
-96.6100 39.1100     642  0.6447  0.3052     0.9
-96.6100 39.1100     643  0.6388  0.3068     0.9
-96.6100 39.1100     644  0.6568  0.3106     1.0
-96.6100 39.1100     645  0.6670  0.2782     0.9
-96.6100 39.1100     646  0.6686  0.2909     1.0
-96.6100 39.1100     647  0.6284  0.2965     0.9
-96.6100 39.1100     648  0.6062  0.3101     0.9
-96.6100 39.1100     649  0.6131  0.3096     0.9
-96.6100 39.1100     650  0.6824  0.2992     1.0
-96.6100 39.1100     651  0.6778  0.2934     1.0
-96.6100 39.1100     652  0.6226  0.2945     0.9
-96.6100 39.1100     653  0.6522  0.3088     1.0
-96.6100 39.1100     654  0.6611  0.3244     1.0
-96.6100 39.1100     655  0.6841  0.3169     1.0
-96.6100 39.1100     656  0.6597  0.2985     1.0
-96.6100 39.1100     657  0.6655  0.2823     0.9
-96.6100 39.1100     658  0.6543  0.2970     1.0
-96.6100 39.1100     659  0.6247  0.2948     0.9
-96.6100 39.1100     660  0.6328  0.3061     0.9
-96.6100 39.1100     661  0.6918  0.3038     1.0
-96.6100 39.1100     662  0.6738  0.2935     1.0
-96.6100 39.1100     663  0.6271  0.2998     0.9
-96.6100 39.1100     664  0.6247  0.2856     0.9
-96.6100 39.1100     665  0.6360  0.2849     0.9
-96.6100 39.1100     666  0.6401  0.3871     1.0
-96.6100 39.1100     667  0.6762  0.3248     1.0
-96.6100 39.1100     668  0.6763  0.3054     1.0
-96.6100 39.1100     669  0.6738  0.3111     1.0
-96.6100 39.1100     670  0.6747  0.3213     1.0
-96.6100 39.1100     671  0.6144  0.3054     0.9
-96.6100 39.1100     672  0.6310  0.2998     0.9
-96.6100 39.1100     673  0.6405  0.3444     1.0
-96.6100 39.1100     674  0.6562  0.2853     0.9
-96.6100 39.1100     675  0.6488  0.2813     0.9
-96.6100 39.1100     676  0.6651  0.2766     0.9
-96.6100 39.1100     677  0.6930  0.2805     1.0
-96.6100 39.1100     678  0.7005  0.2729     1.0
-96.6100 39.1100     679  0.6711  0.2767     0.9
-96.6100 39.1100     680  0.6956  0.2774     1.0
-96.6100 39.1100     681  0.7013  0.2812     1.0
-96.6100 39.1100     682  0.7007  0.2556     1.0
-96.6100 39.1100     683  0.6846  0.2534     0.9
-96.6100 39.1100     684  0.7309  0.2857     1.0
-96.6100 39.1100     685  0.6958  0.2863     1.0
-96.6100 39.1100     686  0.6503  0.2722     0.9
-96.6100 39.1100     687  0.6665  0.2631     0.9
-96.6100 39.1100     688  0.6624  0.2555     0.9
-96.6100 39.1100     689  0.6634  0.2566     0.9
-96.6100 39.1100     690  0.6891  0.2361     0.9
-96.6100 39.1100     691  0.6470  0.2311     0.9
-96.6100 39.1100     692  0.6654  0.2375     0.9
-96.6100 39.1100     693  0.6356  0.2531     0.9
-96.6100 39.1100     694  0.6680  0.2698     0.9
-96.6100 39.1100     695  0.6443  0.2488     0.9
-96.6100 39.1100     696  0.6446  0.2402     0.9
-96.6100 39.1100     697  0.6904  0.2557     0.9
-96.6100 39.1100     698  0.6648  0.2485     0.9
-96.6100 39.1100     699  0.6881  0.2709     1.0
-96.6100 39.1100     700  0.6568  0.2698     0.9
-96.6100 39.1100     701  0.6461  0.2652     0.9
-96.6100 39.1100     702  0.6195  0.2711     0.9
-96.6100 39.1100     703  0.6665  0.2660     0.9
-96.6100 39.1100     704  0.6671  0.2605     0.9
-96.6100 39.1100     705  0.6938  0.2659     1.0
-96.6100 39.1100     706  0.6840  0.2640     0.9
-96.6100 39.1100     707  0.6334  0.2395     0.9
-96.6100 39.1100     708  0.6364  0.2491     0.9
-96.6100 39.1100     709  0.6744  0.2704     0.9
-96.6100 39.1100     710  0.6947  0.2776     1.0
-96.6100 39.1100     711  0.7122  0.2875     1.0
-96.6100 39.1100     712  0.6948  0.2838     1.0
-96.6100 39.1100     713  0.7247  0.2967     1.0
-96.6100 39.1100     714  0.7021  0.2924     1.0
-96.6100 39.1100     715  0.6700  0.2923     1.0
-96.6100 39.1100     716  0.7101  0.2894     1.0
-96.6100 39.1100     717  0.6930  0.2829     1.0
-96.6100 39.1100     718  0.6690  0.2773     0.9
-96.6100 39.1100     719  0.6619  0.2578     0.9
-96.6100 39.1100     720  0.7047  0.2758     1.0
-96.6100 39.1100     721  0.6948  0.2936     1.0
-96.6100 39.1100     722  0.7302  0.2877     1.0
-96.6100 39.1100     723  0.7337  0.2615     1.0
-96.6100 39.1100     724  0.6722  0.2571     0.9
-96.6100 39.1100     725  0.7065  0.2632     1.0
-96.6100 39.1100     726  0.7011  0.2602     1.0
-96.6100 39.1100     727  0.6592  0.2525     0.9
-96.6100 39.1100     728  0.7270  0.2662     1.0
-96.6100 39.1100     729  0.7439  0.2614     1.0
-96.6100 39.1100     730  0.7457  0.2566     1.0
-96.6100 39.1100     731  0.7571  0.2576     1.0
-96.6100 39.1100     732  0.7426  0.2788     1.0
-96.6100 39.1100     733  0.7605  0.2563     1.0
-96.6100 39.1100     734  0.7157  0.2377     1.0
-96.6100 39.1100     735  0.7282  0.2392     1.0
-96.6100 39.1100     736  0.7115  0.2295     0.9
-96.6100 39.1100     737  0.7266  0.2043     0.9
-96.6100 39.1100     738  0.7283  0.1978     0.9
-96.6100 39.1100     739  0.6878  0.1748     0.9
-96.6100 39.1100     740  0.7280  0.2196     0.9
-96.6100 39.1100     741  0.7512  0.2100     1.0
-96.6100 39.1100     742  0.7347  0.2184     1.0
-96.6100 39.1100     743  0.7021  0.2150     0.9
-96.6100 39.1100     744  0.6929  0.2297     0.9
-96.6100 39.1100     745  0.6714  0.2188     0.9
-96.6100 39.1100     746  0.7172  0.2263     0.9
-96.6100 39.1100     747  0.7753  0.2333     1.0
-96.6100 39.1100     748  0.7410  0.2716     1.0
-96.6100 39.1100     749  0.7259  0.2094     0.9
-96.6100 39.1100     750  0.7397  0.2202     1.0
-96.6100 39.1100     751  0.7240  0.2144     0.9
-96.6100 39.1100     752  0.7119  0.2160     0.9
-96.6100 39.1100     753  0.7150  0.2117     0.9
-96.6100 39.1100     754  0.7120  0.2125     0.9
-96.6100 39.1100     755  0.6673  0.2551     0.9
-96.6100 39.1100     756  0.7004  0.2035     0.9
-96.6100 39.1100     757  0.7425  0.2118     1.0
-96.6100 39.1100     758  0.7303  0.3019     1.0
-96.6100 39.1100     759  0.7487  0.2111     1.0
-96.6100 39.1100     760  0.7796  0.2233     1.0
-96.6100 39.1100     761  0.7412  0.2082     0.9
-96.6100 39.1100     762  0.6922  0.1964     0.9
-96.6100 39.1100     763  0.7133  0.2056     0.9
-96.6100 39.1100     764  0.7324  0.2084     0.9
-96.6100 39.1100     765  0.7275  0.2100     0.9
-96.6100 39.1100     766  0.7621  0.2169     1.0
-96.6100 39.1100     767  0.7254  0.1966     0.9
-96.6100 39.1100     768  0.7465  0.1839     0.9
-96.6100 39.1100     769  0.7071  0.2133     0.9
-96.6100 39.1100     770  0.7929  0.1592     1.0
-96.6100 39.1100     771  0.7529  0.1876     0.9
-96.6100 39.1100     772  0.7954  0.1711     1.0
-96.6100 39.1100     773  0.7470  0.2190     1.0
-96.6100 39.1100     774  0.7632  0.1729     0.9
-96.6100 39.1100     775  0.7990  0.1865     1.0
-96.6100 39.1100     776  0.7645  0.1829     0.9
-96.6100 39.1100     777  0.7712  0.1819     1.0
-96.6100 39.1100     778  0.7424  0.1884     0.9
-96.6100 39.1100     779  0.7518  0.2097     1.0
-96.6100 39.1100     780  0.7330  0.2140     0.9
-96.6100 39.1100     781  0.7388  0.2235     1.0
-96.6100 39.1100     782  0.7483  0.2338     1.0
-96.6100 39.1100     783  0.7625  0.2186     1.0
-96.6100 39.1100     784  0.7358  0.2166     1.0
-96.6100 39.1100     785  0.7550  0.2231     1.0
-96.6100 39.1100     786  0.7540  0.2228     1.0
-96.6100 39.1100     787  0.7297  0.2252     1.0
-96.6100 39.1100     788  0.7732  0.2180     1.0
-96.6100 39.1100     789  0.7641  0.2124     1.0
-96.6100 39.1100     790  0.7655  0.2106     1.0
-96.6100 39.1100     791  0.7464  0.2002     0.9
-96.6100 39.1100     792  0.7476  0.1986     0.9
-96.6100 39.1100     793  0.7797  0.2064     1.0
-96.6100 39.1100     794  0.7435  0.1947     0.9
-96.6100 39.1100     795  0.7462  0.1914     0.9
-96.6100 39.1100     796  0.7801  0.1946     1.0
-96.6100 39.1100     797  0.7701  0.1936     1.0
-96.6100 39.1100     798  0.7597  0.2040     1.0
-96.6100 39.1100     799  0.7337  0.2041     0.9
-96.6100 39.1100     800  0.7108  0.2306     0.9
-96.6100 39.1100     801  0.7780  0.2175     1.0
-96.6100 39.1100     802  0.7546  0.2782     1.0
-96.6100 39.1100     803  0.7515  0.1951     0.9
-96.6100 39.1100     804  0.7945  0.2064     1.0
-96.6100 39.1100     805  0.7667  0.2029     1.0
-96.6100 39.1100     806  0.7402  0.1944     0.9
-96.6100 39.1100     807  0.7315  0.1926     0.9
-96.6100 39.1100     808  0.6765  0.1890     0.9
-96.6100 39.1100     809  0.6863  0.2031     0.9
-96.6100 39.1100     810  0.7411  0.2139     1.0
-96.6100 39.1100     811  0.7420  0.2327     1.0
-96.6100 39.1100     812  0.7022  0.2402     0.9
-96.6100 39.1100     813  0.7369  0.2287     1.0
-96.6100 39.1100     814  0.7116  0.2377     0.9
-96.6100 39.1100     815  0.7215  0.2439     1.0
-96.6100 39.1100     816  0.7401  0.2366     1.0
-96.6100 39.1100     817  0.6884  0.2093     0.9
-96.6100 39.1100     818  0.7263  0.2120     0.9
-96.6100 39.1100     819  0.7144  0.1997     0.9
-96.6100 39.1100     820  0.7077  0.1867     0.9
-96.6100 39.1100     821  0.6835  0.1954     0.9
-96.6100 39.1100     822  0.7372  0.1992     0.9
-96.6100 39.1100     823  0.7413  0.2154     1.0
-96.6100 39.1100     824  0.7503  0.1899     0.9
-96.6100 39.1100     825  0.7089  0.1862     0.9
-96.6100 39.1100     826  0.6912  0.1987     0.9
-96.6100 39.1100     827  0.6781  0.2085     0.9
-96.6100 39.1100     828  0.6954  0.2189     0.9
-96.6100 39.1100     829  0.6934  0.2328     0.9
-96.6100 39.1100     830  0.6925  0.2383     0.9
-96.6100 39.1100     831  0.7011  0.2459     0.9
-96.6100 39.1100     832  0.7125  0.2412     1.0
-96.6100 39.1100     833  0.6643  0.2268     0.9
-96.6100 39.1100     834  0.6942  0.2502     0.9
-96.6100 39.1100     835  0.6812  0.2345     0.9
-96.6100 39.1100     836  0.7180  0.2424     1.0
-96.6100 39.1100     837  0.7072  0.2465     1.0
-96.6100 39.1100     838  0.6889  0.2410     0.9
-96.6100 39.1100     839  0.6333  0.2247     0.9
-96.6100 39.1100     840  0.6850  0.2580     0.9
-96.6100 39.1100     841  0.6896  0.2672     1.0
-96.6100 39.1100     842  0.6913  0.2944     1.0
-96.6100 39.1100     843  0.7299  0.2755     1.0
-96.6100 39.1100     844  0.7200  0.2745     1.0
-96.6100 39.1100     845  0.7644  0.2909     1.1
-96.6100 39.1100     846  0.7080  0.2742     1.0
-96.6100 39.1100     847  0.6847  0.2692     1.0
-96.6100 39.1100     848  0.6868  0.3045     1.0
-96.6100 39.1100     849  0.7261  0.2724     1.0
-96.6100 39.1100     850  0.7219  0.2676     1.0
-96.6100 39.1100     851  0.7357  0.2705     1.0
-96.6100 39.1100     852  0.7166  0.2653     1.0
-96.6100 39.1100     853  0.7018  0.2669     1.0
-96.6100 39.1100     854  0.6898  0.2564     0.9
-96.6100 39.1100     855  0.7095  0.2561     1.0
-96.6100 39.1100     856  0.6985  0.2382     0.9
-96.6100 39.1100     857  0.6461  0.2197     0.9
-96.6100 39.1100     858  0.7221  0.2288     1.0
-96.6100 39.1100     859  0.7654  0.2342     1.0
-96.6100 39.1100     860  0.7090  0.2336     0.9
-96.6100 39.1100     861  0.6881  0.2290     0.9
-96.6100 39.1100     862  0.7309  0.2263     1.0
-96.6100 39.1100     863  0.6980  0.2221     0.9
-96.6100 39.1100     864  0.7314  0.2258     1.0
-96.6100 39.1100     865  0.7156  0.2228     0.9
-96.6100 39.1100     866  0.7185  0.2195     0.9
-96.6100 39.1100     867  0.6938  0.2172     0.9
-96.6100 39.1100     868  0.6925  0.2149     0.9
-96.6100 39.1100     869  0.7154  0.2419     1.0
-96.6100 39.1100     870  0.6991  0.2570     1.0
-96.6100 39.1100     871  0.6474  0.3492     1.0
-96.6100 39.1100     872  0.6815  0.2513     0.9
-96.6100 39.1100     873  0.7153  0.2581     1.0
-96.6100 39.1100     874  0.6727  0.2493     0.9
-96.6100 39.1100     875  0.6906  0.2550     0.9
-96.6100 39.1100     876  0.6545  0.2899     0.9
-96.6100 39.1100     877  0.6932  0.2767     1.0
-96.6100 39.1100     878  0.6691  0.2787     0.9
-96.6100 39.1100     879  0.6388  0.2758     0.9
-96.6100 39.1100     880  0.6453  0.2877     0.9
-96.6100 39.1100     881  0.6379  0.2898     0.9
-96.6100 39.1100     882  0.6345  0.3171     1.0
-96.6100 39.1100     883  0.7025  0.2733     1.0
-96.6100 39.1100     884  0.6553  0.2672     0.9
-96.6100 39.1100     885  0.6464  0.2768     0.9
-96.6100 39.1100     886  0.6557  0.2915     0.9
-96.6100 39.1100     887  0.6417  0.3308     1.0
-96.6100 39.1100     888  0.6719  0.2916     1.0
-96.6100 39.1100     889  0.6687  0.2910     1.0
-96.6100 39.1100     890  0.6575  0.2851     0.9
-96.6100 39.1100     891  0.6455  0.2730     0.9
-96.6100 39.1100     892  0.6466  0.2779     0.9
-96.6100 39.1100     893  0.7139  0.2816     1.0
-96.6100 39.1100     894  0.6945  0.2773     1.0
-96.6100 39.1100     895  0.6754  0.2660     0.9
-96.6100 39.1100     896  0.6288  0.2681     0.9
-96.6100 39.1100     897  0.6352  0.2988     0.9
-96.6100 39.1100     898  0.6406  0.3096     1.0
-96.6100 39.1100     899  0.6441  0.3158     1.0
-96.6100 39.1100     900  0.6271  0.2995     0.9
-96.6100 39.1100     901  0.6487  0.3081     1.0
-96.6100 39.1100     902  0.6402  0.3637     1.0
-96.6100 39.1100     903  0.6642  0.3382     1.0
-96.6100 39.1100     904  0.6609  0.3426     1.0
-96.6100 39.1100     905  0.6577  0.3442     1.0
-96.6100 39.1100     906  0.6385  0.3260     1.0
-96.6100 39.1100     907  0.6624  0.3211     1.0
-96.6100 39.1100     908  0.6582  0.2992     1.0
-96.6100 39.1100     909  0.6890  0.3157     1.0
-96.6100 39.1100     910  0.6275  0.2927     0.9
-96.6100 39.1100     911  0.6337  0.2889     0.9
-96.6100 39.1100     912  0.6779  0.2944     1.0
-96.6100 39.1100     913  0.6690  0.3029     1.0
-96.6100 39.1100     914  0.6749  0.3114     1.0
-96.6100 39.1100     915  0.6441  0.2984     0.9
-96.6100 39.1100     916  0.6657  0.2927     1.0
-96.6100 39.1100     917  0.6909  0.3355     1.0
-96.6100 39.1100     918  0.6833  0.2771     1.0
-96.6100 39.1100     919  0.6671  0.2641     0.9
-96.6100 39.1100     920  0.6677  0.2835     1.0
-96.6100 39.1100     921  0.6748  0.3589     1.0
-96.6100 39.1100     922  0.7094  0.3143     1.0
-96.6100 39.1100     923  0.6965  0.3336     1.0
-96.6100 39.1100     924  0.6855  0.3309     1.0
-96.6100 39.1100     925  0.6395  0.3167     1.0
-96.6100 39.1100     926  0.6373  0.3117     0.9
-96.6100 39.1100     927  0.6409  0.3128     1.0
-96.6100 39.1100     928  0.7082  0.3066     1.0
-96.6100 39.1100     929  0.6566  0.2915     0.9
-96.6100 39.1100     930  0.6715  0.2727     0.9
-96.6100 39.1100     931  0.6785  0.2802     1.0
-96.6100 39.1100     932  0.7014  0.2783     1.0
-96.6100 39.1100     933  0.6615  0.2759     0.9
-96.6100 39.1100     934  0.6619  0.2895     1.0
-96.6100 39.1100     935  0.6396  0.2944     0.9
-96.6100 39.1100     936  0.6779  0.2887     1.0
-96.6100 39.1100     937  0.6894  0.2852     1.0
-96.6100 39.1100     938  0.6516  0.2772     0.9
-96.6100 39.1100     939  0.7047  0.2982     1.0
-96.6100 39.1100     940  0.6767  0.2765     1.0
-96.6100 39.1100     941  0.7087  0.2553     1.0
-96.6100 39.1100     942  0.7338  0.2614     1.0
-96.6100 39.1100     943  0.7202  0.2554     1.0
-96.6100 39.1100     944  0.7298  0.2591     1.0
-96.6100 39.1100     945  0.6962  0.2545     1.0
-96.6100 39.1100     946  0.7111  0.2437     1.0
-96.6100 39.1100     947  0.7460  0.2427     1.0
-96.6100 39.1100     948  0.7263  0.2457     1.0
-96.6100 39.1100     949  0.7156  0.2368     1.0
-96.6100 39.1100     950  0.7024  0.2407     0.9
-96.6100 39.1100     951  0.6621  0.2312     0.9
-96.6100 39.1100     952  0.6590  0.2277     0.9
-96.6100 39.1100     953  0.6743  0.3029     1.0
-96.6100 39.1100     954  0.7212  0.2301     1.0
-96.6100 39.1100     955  0.7736  0.2321     1.0
-96.6100 39.1100     956  0.6854  0.2705     1.0
-96.6100 39.1100     957  0.7463  0.2232     1.0
-96.6100 39.1100     958  0.6716  0.2238     0.9
-96.6100 39.1100     959  0.6677  0.2367     0.9
-96.6100 39.1100     960  0.6173  0.3207     0.9
-96.6100 39.1100     961  0.6736  0.2458     0.9
-96.6100 39.1100     962  0.6756  0.2499     0.9
-96.6100 39.1100     963  0.7098  0.2377     0.9
-96.6100 39.1100     964  0.6865  0.2346     0.9
-96.6100 39.1100     965  0.7093  0.2362     0.9
-96.6100 39.1100     966  0.6723  0.2214     0.9
-96.6100 39.1100     967  0.7153  0.2396     1.0
-96.6100 39.1100     968  0.6671  0.2398     0.9
-96.6100 39.1100     969  0.6774  0.2518     0.9
-96.6100 39.1100     970  0.7186  0.2433     1.0
-96.6100 39.1100     971  0.6860  0.3333     1.0
-96.6100 39.1100     972  0.7046  0.2144     0.9
-96.6100 39.1100     973  0.6949  0.2312     0.9
-96.6100 39.1100     974  0.6968  0.2485     0.9
-96.6100 39.1100     975  0.7025  0.2591     1.0
-96.6100 39.1100     976  0.7429  0.2388     1.0
-96.6100 39.1100     977  0.6674  0.2263     0.9
-96.6100 39.1100     978  0.6920  0.2416     0.9
-96.6100 39.1100     979  0.7321  0.2316     1.0
-96.6100 39.1100     980  0.7326  0.2271     1.0
-96.6100 39.1100     981  0.6812  0.2327     0.9
-96.6100 39.1100     982  0.6940  0.2432     0.9
-96.6100 39.1100     983  0.7109  0.2541     1.0
-96.6100 39.1100     984  0.6668  0.2428     0.9
-96.6100 39.1100     985  0.6763  0.2349     0.9
-96.6100 39.1100     986  0.6920  0.2319     0.9
-96.6100 39.1100     987  0.7319  0.2182     1.0
-96.6100 39.1100     988  0.7198  0.2134     0.9
-96.6100 39.1100     989  0.7229  0.2077     0.9
-96.6100 39.1100     990  0.6900  0.2339     0.9
-96.6100 39.1100     991  0.7010  0.2228     0.9
-96.6100 39.1100     992  0.7106  0.2159     0.9
-96.6100 39.1100     993  0.7079  0.2739     1.0
-96.6100 39.1100     994  0.7199  0.2369     1.0
-96.6100 39.1100     995  0.7680  0.2233     1.0
-96.6100 39.1100     996  0.7120  0.2160     0.9
-96.6100 39.1100     997  0.7098  0.2194     0.9
-96.6100 39.1100     998  0.7088  0.2322     0.9
-96.6100 39.1100     999  0.6653  0.2338     0.9
-96.6100 39.1100    1000  0.7063  0.2205     0.9
-96.6100 39.1100    1001  0.7211  0.2211     0.9
-96.6100 39.1100    1002  0.7373  0.2312     1.0
-96.6100 39.1100    1003  0.7333  0.2463     1.0
-96.6100 39.1100    1004  0.7170  0.2186     0.9
-96.6100 39.1100    1005  0.6571  0.2049     0.9
-96.6100 39.1100    1006  0.7371  0.2293     1.0
-96.6100 39.1100    1007  0.6656  0.3259     1.0
-96.6100 39.1100    1008  0.7181  0.2290     0.9
-96.6100 39.1100    1009  0.6863  0.2241     0.9
-96.6100 39.1100    1010  0.7306  0.2175     0.9
-96.6100 39.1100    1011  0.6916  0.2197     0.9
-96.6100 39.1100    1012  0.6725  0.2284     0.9
-96.6100 39.1100    1013  0.7283  0.2353     1.0
-96.6100 39.1100    1014  0.6975  0.2336     0.9
-96.6100 39.1100    1015  0.6854  0.2344     0.9
-96.6100 39.1100    1016  0.6816  0.2366     0.9
-96.6100 39.1100    1017  0.7683  0.2148     1.0
-96.6100 39.1100    1018  0.7250  0.2071     0.9
-96.6100 39.1100    1019  0.7436  0.2307     1.0
-96.6100 39.1100    1020  0.7180  0.2655     1.0
-96.6100 39.1100    1021  0.7398  0.2238     1.0
-96.6100 39.1100    1022  0.6986  0.2236     0.9
-96.6100 39.1100    1023  0.7164  0.2395     1.0
-96.6100 39.1100    1024  0.7233  0.2337     1.0
-96.6100 39.1100    1025  0.7065  0.2383     0.9
-96.6100 39.1100    1026  0.7287  0.2540     1.0
-96.6100 39.1100    1027  0.7025  0.3332     1.0
-96.6100 39.1100    1028  0.6907  0.2407     0.9
-96.6100 39.1100    1029  0.6742  0.2471     0.9
-96.6100 39.1100    1030  0.7023  0.2479     1.0
-96.6100 39.1100    1031  0.6921  0.2281     0.9
-96.6100 39.1100    1032  0.7139  0.2200     0.9
-96.6100 39.1100    1033  0.7098  0.2284     0.9
-96.6100 39.1100    1034  0.6858  0.2307     0.9
-96.6100 39.1100    1035  0.7224  0.2397     1.0
-96.6100 39.1100    1036  0.7377  0.2590     1.0
-96.6100 39.1100    1037  0.7257  0.2655     1.0
-96.6100 39.1100    1038  0.7256  0.2662     1.0
-96.6100 39.1100    1039  0.7139  0.2585     1.0
-96.6100 39.1100    1040  0.6967  0.2570     1.0
-96.6100 39.1100    1041  0.6947  0.2533     0.9
-96.6100 39.1100    1042  0.6740  0.2337     0.9
-96.6100 39.1100    1043  0.7276  0.2345     1.0
-96.6100 39.1100    1044  0.7307  0.2363     1.0
-96.6100 39.1100    1045  0.7006  0.2310     0.9
-96.6100 39.1100    1046  0.7191  0.2315     1.0
-96.6100 39.1100    1047  0.6587  0.2720     0.9
-96.6100 39.1100    1048  0.6999  0.2371     0.9
-96.6100 39.1100    1049  0.7248  0.2431     1.0
-96.6100 39.1100    1050  0.7339  0.2524     1.0
-96.6100 39.1100    1051  0.7124  0.2418     1.0
-96.6100 39.1100    1052  0.6664  0.3045     1.0
-96.6100 39.1100    1053  0.7221  0.2187     0.9
-96.6100 39.1100    1054  0.7199  0.2170     0.9
-96.6100 39.1100    1055  0.6909  0.2081     0.9
-96.6100 39.1100    1056  0.7214  0.2104     0.9
-96.6100 39.1100    1057  0.7429  0.1977     0.9
-96.6100 39.1100    1058  0.7603  0.1817     0.9
-96.6100 39.1100    1059  0.7238  0.1809     0.9
-96.6100 39.1100    1060  0.7725  0.2129     1.0
-96.6100 39.1100    1061  0.8183  0.1962     1.0
-96.6100 39.1100    1062  0.7690  0.1903     1.0
-96.6100 39.1100    1063  0.7150  0.1913     0.9
-96.6100 39.1100    1064  0.6632  0.1897     0.9
-96.6100 39.1100    1065  0.7272  0.2032     0.9
-96.6100 39.1100    1066  0.7170  0.2025     0.9
-96.6100 39.1100    1067  0.7532  0.2160     1.0
-96.6100 39.1100    1068  0.7162  0.2013     0.9
-96.6100 39.1100    1069  0.7273  0.2060     0.9
-96.6100 39.1100    1070  0.7628  0.2149     1.0
-96.6100 39.1100    1071  0.7108  0.1999     0.9
-96.6100 39.1100    1072  0.7177  0.2023     0.9
-96.6100 39.1100    1073  0.7250  0.2175     0.9
-96.6100 39.1100    1074  0.7212  0.2159     0.9
-96.6100 39.1100    1075  0.7059  0.2156     0.9
-96.6100 39.1100    1076  0.6907  0.2128     0.9
-96.6100 39.1100    1077  0.7195  0.2226     0.9
-96.6100 39.1100    1078  0.7359  0.2220     1.0
-96.6100 39.1100    1079  0.7264  0.2165     0.9
-96.6100 39.1100    1080  0.7344  0.2174     1.0
-96.6100 39.1100    1081  0.7659  0.2101     1.0
-96.6100 39.1100    1082  0.7322  0.2458     1.0
-96.6100 39.1100    1083  0.7699  0.1949     1.0
-96.6100 39.1100    1084  0.7970  0.1968     1.0
-96.6100 39.1100    1085  0.7270  0.1939     0.9
-96.6100 39.1100    1086  0.7528  0.2490     1.0
-96.6100 39.1100    1087  0.7821  0.1788     1.0
-96.6100 39.1100    1088  0.7689  0.1811     0.9
-96.6100 39.1100    1089  0.7381  0.1781     0.9
-96.6100 39.1100    1090  0.7491  0.1906     0.9
-96.6100 39.1100    1091  0.7853  0.1892     1.0
-96.6100 39.1100    1092  0.7637  0.1947     1.0
-96.6100 39.1100    1093  0.7801  0.2071     1.0
-96.6100 39.1100    1094  0.7480  0.1956     0.9
-96.6100 39.1100    1095  0.7505  0.2188     1.0
-96.6100 39.1100    1096  0.7656  0.2341     1.0
-96.6100 39.1100    1097  0.7328  0.2253     1.0
-96.6100 39.1100    1098  0.7418  0.2265     1.0
-96.6100 39.1100    1099  0.7280  0.2204     0.9
-96.6100 39.1100    1100  0.7211  0.2255     0.9
-96.6100 39.1100    1101  0.7960  0.2179     1.0
-96.6100 39.1100    1102  0.7438  0.2037     0.9
-96.6100 39.1100    1103  0.7150  0.1888     0.9
-96.6100 39.1100    1104  0.7231  0.1878     0.9
-96.6100 39.1100    1105  0.7279  0.1891     0.9
-96.6100 39.1100    1106  0.7121  0.1727     0.9
-96.6100 39.1100    1107  0.7474  0.1586     0.9
-96.6100 39.1100    1108  0.7469  0.1696     0.9
-96.6100 39.1100    1109  0.7765  0.1454     0.9
-96.6100 39.1100    1110  0.7698  0.1510     0.9
-96.6100 39.1100    1111  0.7354  0.1581     0.9
-96.6100 39.1100    1112  0.6877  0.1873     0.9
-96.6100 39.1100    1113  0.7345  0.1695     0.9
-96.6100 39.1100    1114  0.7426  0.1746     0.9
-96.6100 39.1100    1115  0.7471  0.1876     0.9
-96.6100 39.1100    1116  0.7547  0.1934     0.9
-96.6100 39.1100    1117  0.7217  0.1896     0.9
-96.6100 39.1100    1118  0.6870  0.1773     0.9
-96.6100 39.1100    1119  0.7029  0.1825     0.9
-96.6100 39.1100    1120  0.7168  0.1841     0.9
-96.6100 39.1100    1121  0.7074  0.1808     0.9
-96.6100 39.1100    1122  0.7390  0.1851     0.9
-96.6100 39.1100    1123  0.7200  0.1851     0.9
-96.6100 39.1100    1124  0.7334  0.1889     0.9
-96.6100 39.1100    1125  0.7637  0.1904     1.0
-96.6100 39.1100    1126  0.7498  0.1883     0.9
-96.6100 39.1100    1127  0.7581  0.1920     1.0
-96.6100 39.1100    1128  0.7403  0.1969     0.9
-96.6100 39.1100    1129  0.7315  0.1979     0.9
-96.6100 39.1100    1130  0.7692  0.2667     1.0
-96.6100 39.1100    1131  0.7427  0.1924     0.9
-96.6100 39.1100    1132  0.7594  0.1925     1.0
-96.6100 39.1100    1133  0.7705  0.1958     1.0
-96.6100 39.1100    1134  0.7297  0.1921     0.9
-96.6100 39.1100    1135  0.6883  0.1973     0.9
-96.6100 39.1100    1136  0.7058  0.2118     0.9
-96.6100 39.1100    1137  0.6808  0.2077     0.9
-96.6100 39.1100    1138  0.7387  0.2110     0.9
-96.6100 39.1100    1139  0.7412  0.3684     1.1
-96.6100 39.1100    1140  0.7076  0.2118     0.9
-96.6100 39.1100    1141  0.7326  0.2202     1.0
-96.6100 39.1100    1142  0.6870  0.2429     0.9
-96.6100 39.1100    1143  0.6899  0.2437     0.9
-96.6100 39.1100    1144  0.7402  0.2529     1.0
-96.6100 39.1100    1145  0.7205  0.2608     1.0
-96.6100 39.1100    1146  0.7000  0.2664     1.0
-96.6100 39.1100    1147  0.6634  0.2611     0.9
-96.6100 39.1100    1148  0.6821  0.2520     0.9
-96.6100 39.1100    1149  0.6687  0.2386     0.9
-96.6100 39.1100    1150  0.6932  0.2448     0.9
-96.6100 39.1100    1151  0.7247  0.2471     1.0
-96.6100 39.1100    1152  0.7107  0.2284     0.9
