1860  286.42
1861  286.45
1862  286.51
1863  286.59
1864  286.71
1865  286.85
1866  287.02
1867  287.21
1868  287.42
1869  287.64
1870  287.87
1871  288.11
1872  288.34
1873  288.56
1874  288.77
1875  288.97
1876  289.16
1877  289.35
1878  289.55
1879  289.77
1880  290.00
1881  290.24
1882  290.51
1883  290.80
1884  291.13
1885  291.48
1886  291.86
1887  292.25
1888  292.65
1889  293.05
1890  293.46
1891  293.86
1892  294.25
1893  294.62
1894  294.98
1895  295.30
1896  295.60
1897  295.86
1898  296.11
1899  296.34
1900  296.56
1901  296.80
1902  297.04
1903  297.29
1904  297.57
1905  297.87
1906  298.17
1907  298.49
1908  298.82
1909  299.15
1910  299.49
1911  299.84
1912  300.20
1913  300.58
1914  300.97
1915  301.36
1916  301.76
1917  302.16
1918  302.55
1919  302.92
1920  303.28
1921  303.63
1922  303.97
1923  304.32
1924  304.66
1925  305.01
1926  305.36
1927  305.73
1928  306.10
1929  306.47
1930  306.84
1931  307.21
1932  307.58
1933  307.95
1934  308.32
1935  308.68
1936  309.04
1937  309.38
1938  309.70
1939  310.01
1940  310.27
1941  310.50
1942  310.68
1943  310.82
1944  310.93
1945  311.03
1946  311.12
1947  311.23
1948  311.36
1949  311.52
1950  311.71
1951  311.92
1952  312.16
1953  312.44
1954  312.75
1955  313.09
1956  313.48
1957  313.93
1958  314.81
1959  315.57
1960  316.48
1961  317.18
1962  317.97
1963  318.49
1964  319.09
1965  319.49
1966  320.80
1967  321.55
1968  322.41
1969  323.97
1970  325.00
1971  325.61
1972  326.72
1973  328.92
1974  329.40
1975  330.25
1976  331.13
1977  332.72
1978  334.57
1979  335.82
1980  337.82
1981  339.27
1982  340.47
1983  342.01
1984  343.49
1985  344.99
1986  346.30
1987  348.17
1988  350.39
1989  352.02
1990  353.20
1991  354.47
1992  355.40
1993  356.12
1994  357.62
1995  359.52
1996  361.20
1997  362.51
1998  365.25
1999  367.06
2000  368.23
2001  369.81
2002  371.92
2003  374.39
2004  376.12
2005  378.23
2006  380.27
2007  382.25
2008  384.15
2009  385.80
2010  387.98
2011  389.79
2012  391.88
2013  394.60
2014  396.70
2015  398.99
2016  402.26
