-96.61 39.11 1992 6 5 10 6 5 13 16 10 7 7 13 5
-96.61 39.11 1993 7 5 10 11 19 14 21 10 11 9 6 5
-96.61 39.11 2010 5 5 8 7 11 9 8 5 8 4 2 3
-96.61 39.11 2008 4 6 7 9 10 13 11 5 6 7 6 6
-96.61 39.11 2001 5 7 7 8 16 9 7 8 10 5 4 3
-96.61 39.11 1997 2 8 6 12 11 9 5 13 8 6 8 9
-96.61 39.11 1992 6 5 10 6 5 13 16 10 7 7 13 5
-96.61 39.11 1994 5 4 4 11 5 12 14 7 6 10 7 9
-96.61 39.11 2012 2 10 9 8 5 8 6 7 6 6 2 5
-96.61 39.11 2006 3 0 9 9 8 10 8 11 6 7 1 1
-96.61 39.11 2006 3 0 9 9 8 10 8 11 6 7 1 1
-96.61 39.11 2007 5 3 3 1 7 10 11 9 7 9 2 10
-96.61 39.11 1998 6 6 9 9 7 11 13 6 6 9 9 2
-96.61 39.11 1998 6 6 9 9 7 11 13 6 6 9 9 2
-96.61 39.11 1997 2 8 6 12 11 9 5 13 8 6 8 9
-96.61 39.11 2004 5 7 8 7 7 13 11 9 5 6 11 2
-96.61 39.11 1999 3 5 3 9 13 15 7 6 9 2 2 6
-96.61 39.11 2000 4 6 13 8 9 14 8 8 8 7 5 11
-96.61 39.11 1996 7 2 4 5 14 12 10 14 9 4 5 1
-96.61 39.11 1991 7 1 6 9 12 5 9 8 6 4 8 8
-96.61 39.11 2010 5 5 8 7 11 9 8 5 8 4 2 3
-96.61 39.11 1997 2 8 6 12 11 9 5 13 8 6 8 9
-96.61 39.11 2001 5 7 7 8 16 9 7 8 10 5 4 3
-96.61 39.11 2007 5 3 3 1 7 10 11 9 7 9 2 10
-96.61 39.11 1994 5 4 4 11 5 12 14 7 6 10 7 9
-96.61 39.11 1998 6 6 9 9 7 11 13 6 6 9 9 2
-96.61 39.11 1996 7 2 4 5 14 12 10 14 9 4 5 1
-96.61 39.11 2003 4 10 6 8 10 9 5 7 6 5 7 5
-96.61 39.11 1991 7 1 6 9 12 5 9 8 6 4 8 8
-96.61 39.11 2009 0 3 4 11 7 10 10 9 7 12 6 7
-96.61 39.11 2003 4 10 6 8 10 9 5 7 6 5 7 5
-96.61 39.11 1992 6 5 10 6 5 13 16 10 7 7 13 5
-96.61 39.11 1992 6 5 10 6 5 13 16 10 7 7 13 5
-96.61 39.11 1998 6 6 9 9 7 11 13 6 6 9 9 2
-96.61 39.11 2003 4 10 6 8 10 9 5 7 6 5 7 5
-96.61 39.11 2006 3 0 9 9 8 10 8 11 6 7 1 1
-96.61 39.11 1996 7 2 4 5 14 12 10 14 9 4 5 1
-96.61 39.11 1996 7 2 4 5 14 12 10 14 9 4 5 1
-96.61 39.11 2007 5 3 3 1 7 10 11 9 7 9 2 10
-96.61 39.11 2008 4 6 7 9 10 13 11 5 6 7 6 6
-96.61 39.11 2001 5 7 7 8 16 9 7 8 10 5 4 3
-96.61 39.11 1995 5 5 8 12 19 9 11 5 10 4 5 6
-96.61 39.11 2003 4 10 6 8 10 9 5 7 6 5 7 5
-96.61 39.11 2000 4 6 13 8 9 14 8 8 8 7 5 11
-96.61 39.11 2003 4 10 6 8 10 9 5 7 6 5 7 5
-96.61 39.11 2001 5 7 7 8 16 9 7 8 10 5 4 3
-96.61 39.11 2000 4 6 13 8 9 14 8 8 8 7 5 11
-96.61 39.11 1994 5 4 4 11 5 12 14 7 6 10 7 9
-96.61 39.11 2004 5 7 8 7 7 13 11 9 5 6 11 2
-96.61 39.11 1999 3 5 3 9 13 15 7 6 9 2 2 6
-96.61 39.11 1999 3 5 3 9 13 15 7 6 9 2 2 6
-96.61 39.11 1999 3 5 3 9 13 15 7 6 9 2 2 6
-96.61 39.11 2009 0 3 4 11 7 10 10 9 7 12 6 7
-96.61 39.11 2006 3 0 9 9 8 10 8 11 6 7 1 1
-96.61 39.11 2012 2 10 9 8 5 8 6 7 6 6 2 5
-96.61 39.11 1997 2 8 6 12 11 9 5 13 8 6 8 9
-96.61 39.11 2008 4 6 7 9 10 13 11 5 6 7 6 6
-96.61 39.11 1999 3 5 3 9 13 15 7 6 9 2 2 6
-96.61 39.11 2010 5 5 8 7 11 9 8 5 8 4 2 3
-96.61 39.11 2002 4 4 6 11 12 6 4 10 5 12 2 1
-96.61 39.11 1991 7 1 6 9 12 5 9 8 6 4 8 8
-96.61 39.11 1995 5 5 8 12 19 9 11 5 10 4 5 6
-96.61 39.11 2009 0 3 4 11 7 10 10 9 7 12 6 7
-96.61 39.11 1997 2 8 6 12 11 9 5 13 8 6 8 9
-96.61 39.11 2000 4 6 13 8 9 14 8 8 8 7 5 11
-96.61 39.11 2002 4 4 6 11 12 6 4 10 5 12 2 1
-96.61 39.11 1999 3 5 3 9 13 15 7 6 9 2 2 6
-96.61 39.11 1991 7 1 6 9 12 5 9 8 6 4 8 8
-96.61 39.11 2005 7 8 5 8 8 12 6 9 7 6 4 6
-96.61 39.11 2006 3 0 9 9 8 10 8 11 6 7 1 1
-96.61 39.11 1993 7 5 10 11 19 14 21 10 11 9 6 5
-96.61 39.11 1996 7 2 4 5 14 12 10 14 9 4 5 1
-96.61 39.11 2001 5 7 7 8 16 9 7 8 10 5 4 3
-96.61 39.11 2005 7 8 5 8 8 12 6 9 7 6 4 6
-96.61 39.11 2006 3 0 9 9 8 10 8 11 6 7 1 1
-96.61 39.11 2000 4 6 13 8 9 14 8 8 8 7 5 11
-96.61 39.11 1999 3 5 3 9 13 15 7 6 9 2 2 6
-96.61 39.11 1994 5 4 4 11 5 12 14 7 6 10 7 9
-96.61 39.11 2009 0 3 4 11 7 10 10 9 7 12 6 7
-96.61 39.11 2006 3 0 9 9 8 10 8 11 6 7 1 1
-96.61 39.11 2006 3 0 9 9 8 10 8 11 6 7 1 1
-96.61 39.11 2001 5 7 7 8 16 9 7 8 10 5 4 3
-96.61 39.11 2007 5 3 3 1 7 10 11 9 7 9 2 10
-96.61 39.11 1991 7 1 6 9 12 5 9 8 6 4 8 8
-96.61 39.11 2011 3 4 11 6 11 9 8 9 6 7 8 7
-96.61 39.11 1993 7 5 10 11 19 14 21 10 11 9 6 5
-96.61 39.11 2005 7 8 5 8 8 12 6 9 7 6 4 6
-96.61 39.11 2005 7 8 5 8 8 12 6 9 7 6 4 6
-96.61 39.11 1999 3 5 3 9 13 15 7 6 9 2 2 6
-96.61 39.11 2005 7 8 5 8 8 12 6 9 7 6 4 6
-96.61 39.11 2000 4 6 13 8 9 14 8 8 8 7 5 11
-96.61 39.11 1997 2 8 6 12 11 9 5 13 8 6 8 9
-96.61 39.11 2000 4 6 13 8 9 14 8 8 8 7 5 11
-96.61 39.11 1996 7 2 4 5 14 12 10 14 9 4 5 1
-96.61 39.11 1994 5 4 4 11 5 12 14 7 6 10 7 9
-96.61 39.11 2011 3 4 11 6 11 9 8 9 6 7 8 7
-96.61 39.11 1995 5 5 8 12 19 9 11 5 10 4 5 6
-96.61 39.11 2010 5 5 8 7 11 9 8 5 8 4 2 3
-96.61 39.11 1993 7 5 10 11 19 14 21 10 11 9 6 5
-96.61 39.11 1996 7 2 4 5 14 12 10 14 9 4 5 1
-96.61 39.11 2007 5 3 3 1 7 10 11 9 7 9 2 10
-96.61 39.11 2008 4 6 7 9 10 13 11 5 6 7 6 6
-96.61 39.11 2007 5 3 3 1 7 10 11 9 7 9 2 10
-96.61 39.11 2000 4 6 13 8 9 14 8 8 8 7 5 11
-96.61 39.11 2012 2 10 9 8 5 8 6 7 6 6 2 5
-96.61 39.11 2009 0 3 4 11 7 10 10 9 7 12 6 7
-96.61 39.11 2012 2 10 9 8 5 8 6 7 6 6 2 5
-96.61 39.11 2000 4 6 13 8 9 14 8 8 8 7 5 11
-96.61 39.11 2001 5 7 7 8 16 9 7 8 10 5 4 3
-96.61 39.11 1998 6 6 9 9 7 11 13 6 6 9 9 2
-96.61 39.11 1992 6 5 10 6 5 13 16 10 7 7 13 5
-96.61 39.11 1994 5 4 4 11 5 12 14 7 6 10 7 9
-96.61 39.11 2012 2 10 9 8 5 8 6 7 6 6 2 5
-96.61 39.11 1992 6 5 10 6 5 13 16 10 7 7 13 5
-96.61 39.11 1998 6 6 9 9 7 11 13 6 6 9 9 2
-96.61 39.11 2001 5 7 7 8 16 9 7 8 10 5 4 3
-96.61 39.11 1996 7 2 4 5 14 12 10 14 9 4 5 1
-96.61 39.11 1995 5 5 8 12 19 9 11 5 10 4 5 6
-96.61 39.11 1995 5 5 8 12 19 9 11 5 10 4 5 6
-96.61 39.11 2004 5 7 8 7 7 13 11 9 5 6 11 2
-96.61 39.11 2008 4 6 7 9 10 13 11 5 6 7 6 6
-96.61 39.11 2003 4 10 6 8 10 9 5 7 6 5 7 5
-96.61 39.11 1995 5 5 8 12 19 9 11 5 10 4 5 6
-96.61 39.11 2011 3 4 11 6 11 9 8 9 6 7 8 7
-96.61 39.11 1999 3 5 3 9 13 15 7 6 9 2 2 6
-96.61 39.11 1992 6 5 10 6 5 13 16 10 7 7 13 5
-96.61 39.11 2011 3 4 11 6 11 9 8 9 6 7 8 7
-96.61 39.11 2009 0 3 4 11 7 10 10 9 7 12 6 7
-96.61 39.11 2004 5 7 8 7 7 13 11 9 5 6 11 2
-96.61 39.11 1995 5 5 8 12 19 9 11 5 10 4 5 6
-96.61 39.11 1999 3 5 3 9 13 15 7 6 9 2 2 6
-96.61 39.11 1992 6 5 10 6 5 13 16 10 7 7 13 5
-96.61 39.11 2010 5 5 8 7 11 9 8 5 8 4 2 3
-96.61 39.11 1991 7 1 6 9 12 5 9 8 6 4 8 8
-96.61 39.11 2005 7 8 5 8 8 12 6 9 7 6 4 6
-96.61 39.11 1994 5 4 4 11 5 12 14 7 6 10 7 9
-96.61 39.11 2007 5 3 3 1 7 10 11 9 7 9 2 10
-96.61 39.11 1995 5 5 8 12 19 9 11 5 10 4 5 6
-96.61 39.11 1994 5 4 4 11 5 12 14 7 6 10 7 9
-96.61 39.11 2002 4 4 6 11 12 6 4 10 5 12 2 1
-96.61 39.11 2005 7 8 5 8 8 12 6 9 7 6 4 6
-96.61 39.11 2007 5 3 3 1 7 10 11 9 7 9 2 10
-96.61 39.11 1998 6 6 9 9 7 11 13 6 6 9 9 2
-96.61 39.11 2011 3 4 11 6 11 9 8 9 6 7 8 7
-96.61 39.11 1993 7 5 10 11 19 14 21 10 11 9 6 5
-96.61 39.11 2003 4 10 6 8 10 9 5 7 6 5 7 5
-96.61 39.11 2002 4 4 6 11 12 6 4 10 5 12 2 1
-96.61 39.11 2004 5 7 8 7 7 13 11 9 5 6 11 2
-96.61 39.11 2007 5 3 3 1 7 10 11 9 7 9 2 10
-96.61 39.11 2012 2 10 9 8 5 8 6 7 6 6 2 5
-96.61 39.11 1991 7 1 6 9 12 5 9 8 6 4 8 8
-96.61 39.11 2011 3 4 11 6 11 9 8 9 6 7 8 7
-96.61 39.11 2000 4 6 13 8 9 14 8 8 8 7 5 11
-96.61 39.11 1996 7 2 4 5 14 12 10 14 9 4 5 1
-96.61 39.11 2009 0 3 4 11 7 10 10 9 7 12 6 7
-96.61 39.11 1997 2 8 6 12 11 9 5 13 8 6 8 9
-96.61 39.11 1994 5 4 4 11 5 12 14 7 6 10 7 9
-96.61 39.11 1995 5 5 8 12 19 9 11 5 10 4 5 6
-96.61 39.11 2011 3 4 11 6 11 9 8 9 6 7 8 7
-96.61 39.11 2000 4 6 13 8 9 14 8 8 8 7 5 11
-96.61 39.11 1992 6 5 10 6 5 13 16 10 7 7 13 5
-96.61 39.11 1995 5 5 8 12 19 9 11 5 10 4 5 6
-96.61 39.11 2002 4 4 6 11 12 6 4 10 5 12 2 1
-96.61 39.11 1996 7 2 4 5 14 12 10 14 9 4 5 1
-96.61 39.11 2008 4 6 7 9 10 13 11 5 6 7 6 6
-96.61 39.11 2006 3 0 9 9 8 10 8 11 6 7 1 1
-96.61 39.11 1993 7 5 10 11 19 14 21 10 11 9 6 5
-96.61 39.11 1997 2 8 6 12 11 9 5 13 8 6 8 9
-96.61 39.11 2010 5 5 8 7 11 9 8 5 8 4 2 3
-96.61 39.11 2009 0 3 4 11 7 10 10 9 7 12 6 7
-96.61 39.11 2001 5 7 7 8 16 9 7 8 10 5 4 3
-96.61 39.11 2011 3 4 11 6 11 9 8 9 6 7 8 7
-96.61 39.11 2012 2 10 9 8 5 8 6 7 6 6 2 5
-96.61 39.11 1994 5 4 4 11 5 12 14 7 6 10 7 9
-96.61 39.11 2003 4 10 6 8 10 9 5 7 6 5 7 5
-96.61 39.11 2005 7 8 5 8 8 12 6 9 7 6 4 6
-96.61 39.11 2001 5 7 7 8 16 9 7 8 10 5 4 3
-96.61 39.11 1993 7 5 10 11 19 14 21 10 11 9 6 5
-96.61 39.11 1995 5 5 8 12 19 9 11 5 10 4 5 6
-96.61 39.11 1996 7 2 4 5 14 12 10 14 9 4 5 1
-96.61 39.11 1992 6 5 10 6 5 13 16 10 7 7 13 5
-96.61 39.11 1997 2 8 6 12 11 9 5 13 8 6 8 9
-96.61 39.11 1991 7 1 6 9 12 5 9 8 6 4 8 8
-96.61 39.11 2004 5 7 8 7 7 13 11 9 5 6 11 2
-96.61 39.11 1992 6 5 10 6 5 13 16 10 7 7 13 5
-96.61 39.11 2000 4 6 13 8 9 14 8 8 8 7 5 11
-96.61 39.11 1994 5 4 4 11 5 12 14 7 6 10 7 9
-96.61 39.11 1996 7 2 4 5 14 12 10 14 9 4 5 1
-96.61 39.11 1991 7 1 6 9 12 5 9 8 6 4 8 8
-96.61 39.11 2010 5 5 8 7 11 9 8 5 8 4 2 3
-96.61 39.11 2001 5 7 7 8 16 9 7 8 10 5 4 3
-96.61 39.11 2007 5 3 3 1 7 10 11 9 7 9 2 10
-96.61 39.11 2009 0 3 4 11 7 10 10 9 7 12 6 7
-96.61 39.11 2009 0 3 4 11 7 10 10 9 7 12 6 7
-96.61 39.11 2006 3 0 9 9 8 10 8 11 6 7 1 1
-96.61 39.11 2006 3 0 9 9 8 10 8 11 6 7 1 1
-96.61 39.11 2007 5 3 3 1 7 10 11 9 7 9 2 10
-96.61 39.11 1992 6 5 10 6 5 13 16 10 7 7 13 5
-96.61 39.11 2011 3 4 11 6 11 9 8 9 6 7 8 7
-96.61 39.11 1992 6 5 10 6 5 13 16 10 7 7 13 5
-96.61 39.11 2008 4 6 7 9 10 13 11 5 6 7 6 6
-96.61 39.11 2003 4 10 6 8 10 9 5 7 6 5 7 5
-96.61 39.11 1995 5 5 8 12 19 9 11 5 10 4 5 6
-96.61 39.11 1999 3 5 3 9 13 15 7 6 9 2 2 6
-96.61 39.11 2010 5 5 8 7 11 9 8 5 8 4 2 3
-96.61 39.11 1998 6 6 9 9 7 11 13 6 6 9 9 2
-96.61 39.11 2006 3 0 9 9 8 10 8 11 6 7 1 1
-96.61 39.11 1998 6 6 9 9 7 11 13 6 6 9 9 2
-96.61 39.11 2008 4 6 7 9 10 13 11 5 6 7 6 6
-96.61 39.11 2003 4 10 6 8 10 9 5 7 6 5 7 5
-96.61 39.11 2003 4 10 6 8 10 9 5 7 6 5 7 5
-96.61 39.11 2008 4 6 7 9 10 13 11 5 6 7 6 6
-96.61 39.11 1991 7 1 6 9 12 5 9 8 6 4 8 8
-96.61 39.11 1994 5 4 4 11 5 12 14 7 6 10 7 9
-96.61 39.11 2004 5 7 8 7 7 13 11 9 5 6 11 2
-96.61 39.11 1992 6 5 10 6 5 13 16 10 7 7 13 5
-96.61 39.11 2008 4 6 7 9 10 13 11 5 6 7 6 6
-96.61 39.11 2001 5 7 7 8 16 9 7 8 10 5 4 3
-96.61 39.11 2011 3 4 11 6 11 9 8 9 6 7 8 7
-96.61 39.11 1996 7 2 4 5 14 12 10 14 9 4 5 1
-96.61 39.11 2003 4 10 6 8 10 9 5 7 6 5 7 5
-96.61 39.11 1996 7 2 4 5 14 12 10 14 9 4 5 1
-96.61 39.11 1995 5 5 8 12 19 9 11 5 10 4 5 6
-96.61 39.11 1991 7 1 6 9 12 5 9 8 6 4 8 8
-96.61 39.11 1995 5 5 8 12 19 9 11 5 10 4 5 6
-96.61 39.11 1995 5 5 8 12 19 9 11 5 10 4 5 6
-96.61 39.11 1994 5 4 4 11 5 12 14 7 6 10 7 9
-96.61 39.11 2010 5 5 8 7 11 9 8 5 8 4 2 3
-96.61 39.11 2010 5 5 8 7 11 9 8 5 8 4 2 3
-96.61 39.11 2000 4 6 13 8 9 14 8 8 8 7 5 11
-96.61 39.11 1994 5 4 4 11 5 12 14 7 6 10 7 9
-96.61 39.11 2000 4 6 13 8 9 14 8 8 8 7 5 11
-96.61 39.11 2000 4 6 13 8 9 14 8 8 8 7 5 11
-96.61 39.11 2007 5 3 3 1 7 10 11 9 7 9 2 10
-96.61 39.11 1991 7 1 6 9 12 5 9 8 6 4 8 8
-96.61 39.11 1995 5 5 8 12 19 9 11 5 10 4 5 6
-96.61 39.11 2010 5 5 8 7 11 9 8 5 8 4 2 3
-96.61 39.11 2005 7 8 5 8 8 12 6 9 7 6 4 6
-96.61 39.11 1996 7 2 4 5 14 12 10 14 9 4 5 1
-96.61 39.11 2004 5 7 8 7 7 13 11 9 5 6 11 2
-96.61 39.11 2004 5 7 8 7 7 13 11 9 5 6 11 2
-96.61 39.11 2009 0 3 4 11 7 10 10 9 7 12 6 7
-96.61 39.11 2008 4 6 7 9 10 13 11 5 6 7 6 6
-96.61 39.11 2000 4 6 13 8 9 14 8 8 8 7 5 11
-96.61 39.11 1996 7 2 4 5 14 12 10 14 9 4 5 1
-96.61 39.11 1991 7 1 6 9 12 5 9 8 6 4 8 8
-96.61 39.11 2003 4 10 6 8 10 9 5 7 6 5 7 5
-96.61 39.11 2003 4 10 6 8 10 9 5 7 6 5 7 5
-96.61 39.11 1993 7 5 10 11 19 14 21 10 11 9 6 5
-96.61 39.11 2011 3 4 11 6 11 9 8 9 6 7 8 7
-96.61 39.11 1993 7 5 10 11 19 14 21 10 11 9 6 5
-96.61 39.11 2004 5 7 8 7 7 13 11 9 5 6 11 2
-96.61 39.11 1994 5 4 4 11 5 12 14 7 6 10 7 9
-96.61 39.11 1991 7 1 6 9 12 5 9 8 6 4 8 8
-96.61 39.11 1998 6 6 9 9 7 11 13 6 6 9 9 2
-96.61 39.11 2008 4 6 7 9 10 13 11 5 6 7 6 6
-96.61 39.11 2002 4 4 6 11 12 6 4 10 5 12 2 1
-96.61 39.11 2000 4 6 13 8 9 14 8 8 8 7 5 11
-96.61 39.11 2012 2 10 9 8 5 8 6 7 6 6 2 5
-96.61 39.11 1996 7 2 4 5 14 12 10 14 9 4 5 1
-96.61 39.11 1999 3 5 3 9 13 15 7 6 9 2 2 6
-96.61 39.11 2007 5 3 3 1 7 10 11 9 7 9 2 10
-96.61 39.11 2007 5 3 3 1 7 10 11 9 7 9 2 10
-96.61 39.11 1995 5 5 8 12 19 9 11 5 10 4 5 6
-96.61 39.11 1994 5 4 4 11 5 12 14 7 6 10 7 9
-96.61 39.11 2004 5 7 8 7 7 13 11 9 5 6 11 2
-96.61 39.11 1999 3 5 3 9 13 15 7 6 9 2 2 6
-96.61 39.11 2002 4 4 6 11 12 6 4 10 5 12 2 1
-96.61 39.11 2007 5 3 3 1 7 10 11 9 7 9 2 10
-96.61 39.11 1994 5 4 4 11 5 12 14 7 6 10 7 9
-96.61 39.11 1997 2 8 6 12 11 9 5 13 8 6 8 9
-96.61 39.11 2012 2 10 9 8 5 8 6 7 6 6 2 5
-96.61 39.11 2012 2 10 9 8 5 8 6 7 6 6 2 5
-96.61 39.11 2010 5 5 8 7 11 9 8 5 8 4 2 3
-96.61 39.11 1993 7 5 10 11 19 14 21 10 11 9 6 5
-96.61 39.11 1992 6 5 10 6 5 13 16 10 7 7 13 5
-96.61 39.11 1994 5 4 4 11 5 12 14 7 6 10 7 9
-96.61 39.11 2000 4 6 13 8 9 14 8 8 8 7 5 11
-96.61 39.11 2006 3 0 9 9 8 10 8 11 6 7 1 1
-96.61 39.11 2004 5 7 8 7 7 13 11 9 5 6 11 2
-96.61 39.11 1996 7 2 4 5 14 12 10 14 9 4 5 1
-96.61 39.11 1991 7 1 6 9 12 5 9 8 6 4 8 8
-96.61 39.11 1992 6 5 10 6 5 13 16 10 7 7 13 5
-96.61 39.11 2006 3 0 9 9 8 10 8 11 6 7 1 1
-96.61 39.11 1991 7 1 6 9 12 5 9 8 6 4 8 8
-96.61 39.11 1998 6 6 9 9 7 11 13 6 6 9 9 2
-96.61 39.11 2002 4 4 6 11 12 6 4 10 5 12 2 1
-96.61 39.11 2001 5 7 7 8 16 9 7 8 10 5 4 3
-96.61 39.11 1995 5 5 8 12 19 9 11 5 10 4 5 6
-96.61 39.11 1998 6 6 9 9 7 11 13 6 6 9 9 2
-96.61 39.11 1999 3 5 3 9 13 15 7 6 9 2 2 6
-96.61 39.11 2001 5 7 7 8 16 9 7 8 10 5 4 3
-96.61 39.11 1997 2 8 6 12 11 9 5 13 8 6 8 9
-96.61 39.11 1992 6 5 10 6 5 13 16 10 7 7 13 5
-96.61 39.11 1991 7 1 6 9 12 5 9 8 6 4 8 8
-96.61 39.11 2002 4 4 6 11 12 6 4 10 5 12 2 1
-96.61 39.11 2001 5 7 7 8 16 9 7 8 10 5 4 3
-96.61 39.11 2001 5 7 7 8 16 9 7 8 10 5 4 3
-96.61 39.11 2003 4 10 6 8 10 9 5 7 6 5 7 5
-96.61 39.11 1997 2 8 6 12 11 9 5 13 8 6 8 9
-96.61 39.11 1994 5 4 4 11 5 12 14 7 6 10 7 9
-96.61 39.11 1999 3 5 3 9 13 15 7 6 9 2 2 6
-96.61 39.11 2008 4 6 7 9 10 13 11 5 6 7 6 6
-96.61 39.11 1992 6 5 10 6 5 13 16 10 7 7 13 5
-96.61 39.11 2004 5 7 8 7 7 13 11 9 5 6 11 2
-96.61 39.11 2003 4 10 6 8 10 9 5 7 6 5 7 5
-96.61 39.11 2010 5 5 8 7 11 9 8 5 8 4 2 3
-96.61 39.11 2005 7 8 5 8 8 12 6 9 7 6 4 6
-96.61 39.11 1996 7 2 4 5 14 12 10 14 9 4 5 1
-96.61 39.11 2008 4 6 7 9 10 13 11 5 6 7 6 6
-96.61 39.11 2008 4 6 7 9 10 13 11 5 6 7 6 6
-96.61 39.11 1992 6 5 10 6 5 13 16 10 7 7 13 5
-96.61 39.11 1992 6 5 10 6 5 13 16 10 7 7 13 5
-96.61 39.11 2011 3 4 11 6 11 9 8 9 6 7 8 7
-96.61 39.11 1994 5 4 4 11 5 12 14 7 6 10 7 9
-96.61 39.11 2009 0 3 4 11 7 10 10 9 7 12 6 7
-96.61 39.11 1995 5 5 8 12 19 9 11 5 10 4 5 6
-96.61 39.11 1992 6 5 10 6 5 13 16 10 7 7 13 5
-96.61 39.11 2002 4 4 6 11 12 6 4 10 5 12 2 1
-96.61 39.11 2010 5 5 8 7 11 9 8 5 8 4 2 3
-96.61 39.11 2008 4 6 7 9 10 13 11 5 6 7 6 6
-96.61 39.11 2012 2 10 9 8 5 8 6 7 6 6 2 5
-96.61 39.11 1992 6 5 10 6 5 13 16 10 7 7 13 5
-96.61 39.11 1997 2 8 6 12 11 9 5 13 8 6 8 9
-96.61 39.11 2000 4 6 13 8 9 14 8 8 8 7 5 11
-96.61 39.11 2004 5 7 8 7 7 13 11 9 5 6 11 2
-96.61 39.11 1994 5 4 4 11 5 12 14 7 6 10 7 9
-96.61 39.11 1996 7 2 4 5 14 12 10 14 9 4 5 1
-96.61 39.11 2006 3 0 9 9 8 10 8 11 6 7 1 1
-96.61 39.11 2008 4 6 7 9 10 13 11 5 6 7 6 6
-96.61 39.11 2005 7 8 5 8 8 12 6 9 7 6 4 6
-96.61 39.11 2003 4 10 6 8 10 9 5 7 6 5 7 5
-96.61 39.11 1995 5 5 8 12 19 9 11 5 10 4 5 6
-96.61 39.11 2000 4 6 13 8 9 14 8 8 8 7 5 11
-96.61 39.11 2010 5 5 8 7 11 9 8 5 8 4 2 3
-96.61 39.11 2000 4 6 13 8 9 14 8 8 8 7 5 11
-96.61 39.11 1996 7 2 4 5 14 12 10 14 9 4 5 1
-96.61 39.11 2001 5 7 7 8 16 9 7 8 10 5 4 3
-96.61 39.11 2011 3 4 11 6 11 9 8 9 6 7 8 7
-96.61 39.11 1998 6 6 9 9 7 11 13 6 6 9 9 2
-96.61 39.11 2005 7 8 5 8 8 12 6 9 7 6 4 6
-96.61 39.11 2012 2 10 9 8 5 8 6 7 6 6 2 5
-96.61 39.11 1992 6 5 10 6 5 13 16 10 7 7 13 5
-96.61 39.11 2001 5 7 7 8 16 9 7 8 10 5 4 3
-96.61 39.11 2010 5 5 8 7 11 9 8 5 8 4 2 3
-96.61 39.11 1992 6 5 10 6 5 13 16 10 7 7 13 5
-96.61 39.11 2002 4 4 6 11 12 6 4 10 5 12 2 1
-96.61 39.11 2000 4 6 13 8 9 14 8 8 8 7 5 11
-96.61 39.11 1998 6 6 9 9 7 11 13 6 6 9 9 2
-96.61 39.11 2002 4 4 6 11 12 6 4 10 5 12 2 1
-96.61 39.11 2009 0 3 4 11 7 10 10 9 7 12 6 7
-96.61 39.11 1998 6 6 9 9 7 11 13 6 6 9 9 2
-96.61 39.11 2010 5 5 8 7 11 9 8 5 8 4 2 3
-96.61 39.11 1991 7 1 6 9 12 5 9 8 6 4 8 8
-96.61 39.11 1998 6 6 9 9 7 11 13 6 6 9 9 2
-96.61 39.11 2009 0 3 4 11 7 10 10 9 7 12 6 7
-96.61 39.11 2005 7 8 5 8 8 12 6 9 7 6 4 6
-96.61 39.11 1992 6 5 10 6 5 13 16 10 7 7 13 5
-96.61 39.11 2006 3 0 9 9 8 10 8 11 6 7 1 1
-96.61 39.11 1991 7 1 6 9 12 5 9 8 6 4 8 8
-96.61 39.11 2002 4 4 6 11 12 6 4 10 5 12 2 1
-96.61 39.11 2008 4 6 7 9 10 13 11 5 6 7 6 6
-96.61 39.11 2001 5 7 7 8 16 9 7 8 10 5 4 3
-96.61 39.11 1998 6 6 9 9 7 11 13 6 6 9 9 2
-96.61 39.11 1993 7 5 10 11 19 14 21 10 11 9 6 5
-96.61 39.11 2005 7 8 5 8 8 12 6 9 7 6 4 6
-96.61 39.11 1999 3 5 3 9 13 15 7 6 9 2 2 6
-96.61 39.11 1997 2 8 6 12 11 9 5 13 8 6 8 9
-96.61 39.11 2003 4 10 6 8 10 9 5 7 6 5 7 5
-96.61 39.11 1994 5 4 4 11 5 12 14 7 6 10 7 9
-96.61 39.11 2001 5 7 7 8 16 9 7 8 10 5 4 3
-96.61 39.11 1996 7 2 4 5 14 12 10 14 9 4 5 1
-96.61 39.11 2008 4 6 7 9 10 13 11 5 6 7 6 6
-96.61 39.11 1992 6 5 10 6 5 13 16 10 7 7 13 5
-96.61 39.11 1995 5 5 8 12 19 9 11 5 10 4 5 6
-96.61 39.11 2003 4 10 6 8 10 9 5 7 6 5 7 5
-96.61 39.11 2009 0 3 4 11 7 10 10 9 7 12 6 7
-96.61 39.11 2005 7 8 5 8 8 12 6 9 7 6 4 6
-96.61 39.11 1992 6 5 10 6 5 13 16 10 7 7 13 5
-96.61 39.11 2003 4 10 6 8 10 9 5 7 6 5 7 5
-96.61 39.11 2008 4 6 7 9 10 13 11 5 6 7 6 6
-96.61 39.11 2000 4 6 13 8 9 14 8 8 8 7 5 11
-96.61 39.11 2009 0 3 4 11 7 10 10 9 7 12 6 7
-96.61 39.11 2010 5 5 8 7 11 9 8 5 8 4 2 3
-96.61 39.11 2000 4 6 13 8 9 14 8 8 8 7 5 11
-96.61 39.11 2002 4 4 6 11 12 6 4 10 5 12 2 1
-96.61 39.11 2008 4 6 7 9 10 13 11 5 6 7 6 6
-96.61 39.11 1997 2 8 6 12 11 9 5 13 8 6 8 9
-96.61 39.11 2006 3 0 9 9 8 10 8 11 6 7 1 1
-96.61 39.11 2011 3 4 11 6 11 9 8 9 6 7 8 7
-96.61 39.11 2004 5 7 8 7 7 13 11 9 5 6 11 2
-96.61 39.11 2009 0 3 4 11 7 10 10 9 7 12 6 7
-96.61 39.11 1992 6 5 10 6 5 13 16 10 7 7 13 5
-96.61 39.11 2004 5 7 8 7 7 13 11 9 5 6 11 2
-96.61 39.11 2009 0 3 4 11 7 10 10 9 7 12 6 7
-96.61 39.11 1996 7 2 4 5 14 12 10 14 9 4 5 1
-96.61 39.11 2005 7 8 5 8 8 12 6 9 7 6 4 6
-96.61 39.11 2012 2 10 9 8 5 8 6 7 6 6 2 5
-96.61 39.11 1992 6 5 10 6 5 13 16 10 7 7 13 5
-96.61 39.11 2012 2 10 9 8 5 8 6 7 6 6 2 5
-96.61 39.11 2004 5 7 8 7 7 13 11 9 5 6 11 2
-96.61 39.11 2004 5 7 8 7 7 13 11 9 5 6 11 2
-96.61 39.11 2007 5 3 3 1 7 10 11 9 7 9 2 10
-96.61 39.11 2011 3 4 11 6 11 9 8 9 6 7 8 7
-96.61 39.11 2010 5 5 8 7 11 9 8 5 8 4 2 3
-96.61 39.11 2009 0 3 4 11 7 10 10 9 7 12 6 7
-96.61 39.11 1998 6 6 9 9 7 11 13 6 6 9 9 2
-96.61 39.11 2008 4 6 7 9 10 13 11 5 6 7 6 6
-96.61 39.11 1993 7 5 10 11 19 14 21 10 11 9 6 5
-96.61 39.11 2000 4 6 13 8 9 14 8 8 8 7 5 11
-96.61 39.11 2002 4 4 6 11 12 6 4 10 5 12 2 1
-96.61 39.11 2012 2 10 9 8 5 8 6 7 6 6 2 5
-96.61 39.11 2005 7 8 5 8 8 12 6 9 7 6 4 6
-96.61 39.11 2002 4 4 6 11 12 6 4 10 5 12 2 1
-96.61 39.11 1991 7 1 6 9 12 5 9 8 6 4 8 8
-96.61 39.11 2007 5 3 3 1 7 10 11 9 7 9 2 10
-96.61 39.11 2012 2 10 9 8 5 8 6 7 6 6 2 5
-96.61 39.11 1998 6 6 9 9 7 11 13 6 6 9 9 2
-96.61 39.11 2005 7 8 5 8 8 12 6 9 7 6 4 6
-96.61 39.11 1993 7 5 10 11 19 14 21 10 11 9 6 5
-96.61 39.11 1999 3 5 3 9 13 15 7 6 9 2 2 6
-96.61 39.11 1992 6 5 10 6 5 13 16 10 7 7 13 5
-96.61 39.11 2009 0 3 4 11 7 10 10 9 7 12 6 7
-96.61 39.11 2004 5 7 8 7 7 13 11 9 5 6 11 2
-96.61 39.11 2011 3 4 11 6 11 9 8 9 6 7 8 7
-96.61 39.11 1995 5 5 8 12 19 9 11 5 10 4 5 6
-96.61 39.11 1992 6 5 10 6 5 13 16 10 7 7 13 5
-96.61 39.11 2007 5 3 3 1 7 10 11 9 7 9 2 10
-96.61 39.11 1993 7 5 10 11 19 14 21 10 11 9 6 5
-96.61 39.11 2009 0 3 4 11 7 10 10 9 7 12 6 7
-96.61 39.11 2005 7 8 5 8 8 12 6 9 7 6 4 6
-96.61 39.11 2001 5 7 7 8 16 9 7 8 10 5 4 3
-96.61 39.11 1992 6 5 10 6 5 13 16 10 7 7 13 5
-96.61 39.11 2004 5 7 8 7 7 13 11 9 5 6 11 2
-96.61 39.11 1993 7 5 10 11 19 14 21 10 11 9 6 5
-96.61 39.11 2003 4 10 6 8 10 9 5 7 6 5 7 5
-96.61 39.11 2006 3 0 9 9 8 10 8 11 6 7 1 1
-96.61 39.11 2001 5 7 7 8 16 9 7 8 10 5 4 3
-96.61 39.11 2003 4 10 6 8 10 9 5 7 6 5 7 5
-96.61 39.11 1994 5 4 4 11 5 12 14 7 6 10 7 9
-96.61 39.11 1998 6 6 9 9 7 11 13 6 6 9 9 2
-96.61 39.11 2012 2 10 9 8 5 8 6 7 6 6 2 5
-96.61 39.11 1995 5 5 8 12 19 9 11 5 10 4 5 6
-96.61 39.11 1994 5 4 4 11 5 12 14 7 6 10 7 9
-96.61 39.11 1992 6 5 10 6 5 13 16 10 7 7 13 5
-96.61 39.11 1998 6 6 9 9 7 11 13 6 6 9 9 2
-96.61 39.11 2009 0 3 4 11 7 10 10 9 7 12 6 7
-96.61 39.11 2002 4 4 6 11 12 6 4 10 5 12 2 1
-96.61 39.11 2001 5 7 7 8 16 9 7 8 10 5 4 3
-96.61 39.11 2010 5 5 8 7 11 9 8 5 8 4 2 3
-96.61 39.11 2003 4 10 6 8 10 9 5 7 6 5 7 5
-96.61 39.11 2010 5 5 8 7 11 9 8 5 8 4 2 3
-96.61 39.11 2009 0 3 4 11 7 10 10 9 7 12 6 7
-96.61 39.11 1999 3 5 3 9 13 15 7 6 9 2 2 6
-96.61 39.11 2007 5 3 3 1 7 10 11 9 7 9 2 10
-96.61 39.11 2004 5 7 8 7 7 13 11 9 5 6 11 2
-96.61 39.11 2006 3 0 9 9 8 10 8 11 6 7 1 1
-96.61 39.11 2001 5 7 7 8 16 9 7 8 10 5 4 3
-96.61 39.11 1991 7 1 6 9 12 5 9 8 6 4 8 8
-96.61 39.11 2008 4 6 7 9 10 13 11 5 6 7 6 6
-96.61 39.11 2000 4 6 13 8 9 14 8 8 8 7 5 11
-96.61 39.11 2010 5 5 8 7 11 9 8 5 8 4 2 3
-96.61 39.11 2011 3 4 11 6 11 9 8 9 6 7 8 7
-96.61 39.11 2005 7 8 5 8 8 12 6 9 7 6 4 6
-96.61 39.11 1995 5 5 8 12 19 9 11 5 10 4 5 6
-96.61 39.11 1996 7 2 4 5 14 12 10 14 9 4 5 1
-96.61 39.11 2012 2 10 9 8 5 8 6 7 6 6 2 5
-96.61 39.11 1998 6 6 9 9 7 11 13 6 6 9 9 2
-96.61 39.11 1997 2 8 6 12 11 9 5 13 8 6 8 9
-96.61 39.11 2012 2 10 9 8 5 8 6 7 6 6 2 5
-96.61 39.11 2008 4 6 7 9 10 13 11 5 6 7 6 6
-96.61 39.11 2002 4 4 6 11 12 6 4 10 5 12 2 1
-96.61 39.11 2001 5 7 7 8 16 9 7 8 10 5 4 3
-96.61 39.11 1993 7 5 10 11 19 14 21 10 11 9 6 5
-96.61 39.11 1997 2 8 6 12 11 9 5 13 8 6 8 9
-96.61 39.11 1991 7 1 6 9 12 5 9 8 6 4 8 8
-96.61 39.11 1996 7 2 4 5 14 12 10 14 9 4 5 1
-96.61 39.11 1994 5 4 4 11 5 12 14 7 6 10 7 9
-96.61 39.11 2006 3 0 9 9 8 10 8 11 6 7 1 1
-96.61 39.11 1998 6 6 9 9 7 11 13 6 6 9 9 2
-96.61 39.11 2003 4 10 6 8 10 9 5 7 6 5 7 5
-96.61 39.11 2005 7 8 5 8 8 12 6 9 7 6 4 6
-96.61 39.11 2004 5 7 8 7 7 13 11 9 5 6 11 2
-96.61 39.11 2005 7 8 5 8 8 12 6 9 7 6 4 6
-96.61 39.11 1997 2 8 6 12 11 9 5 13 8 6 8 9
-96.61 39.11 1991 7 1 6 9 12 5 9 8 6 4 8 8
-96.61 39.11 1994 5 4 4 11 5 12 14 7 6 10 7 9
-96.61 39.11 1991 7 1 6 9 12 5 9 8 6 4 8 8
-96.61 39.11 1991 7 1 6 9 12 5 9 8 6 4 8 8
-96.61 39.11 2002 4 4 6 11 12 6 4 10 5 12 2 1
-96.61 39.11 2001 5 7 7 8 16 9 7 8 10 5 4 3
-96.61 39.11 2012 2 10 9 8 5 8 6 7 6 6 2 5
-96.61 39.11 2010 5 5 8 7 11 9 8 5 8 4 2 3
-96.61 39.11 2000 4 6 13 8 9 14 8 8 8 7 5 11
-96.61 39.11 1996 7 2 4 5 14 12 10 14 9 4 5 1
-96.61 39.11 1998 6 6 9 9 7 11 13 6 6 9 9 2
-96.61 39.11 1999 3 5 3 9 13 15 7 6 9 2 2 6
-96.61 39.11 2002 4 4 6 11 12 6 4 10 5 12 2 1
-96.61 39.11 2002 4 4 6 11 12 6 4 10 5 12 2 1
-96.61 39.11 1992 6 5 10 6 5 13 16 10 7 7 13 5
-96.61 39.11 2003 4 10 6 8 10 9 5 7 6 5 7 5
-96.61 39.11 2007 5 3 3 1 7 10 11 9 7 9 2 10
-96.61 39.11 2008 4 6 7 9 10 13 11 5 6 7 6 6
-96.61 39.11 1998 6 6 9 9 7 11 13 6 6 9 9 2
-96.61 39.11 2009 0 3 4 11 7 10 10 9 7 12 6 7
-96.61 39.11 2005 7 8 5 8 8 12 6 9 7 6 4 6
-96.61 39.11 1994 5 4 4 11 5 12 14 7 6 10 7 9
-96.61 39.11 2011 3 4 11 6 11 9 8 9 6 7 8 7
-96.61 39.11 1996 7 2 4 5 14 12 10 14 9 4 5 1
-96.61 39.11 1996 7 2 4 5 14 12 10 14 9 4 5 1
-96.61 39.11 1994 5 4 4 11 5 12 14 7 6 10 7 9
-96.61 39.11 2003 4 10 6 8 10 9 5 7 6 5 7 5
-96.61 39.11 2009 0 3 4 11 7 10 10 9 7 12 6 7
-96.61 39.11 2009 0 3 4 11 7 10 10 9 7 12 6 7
-96.61 39.11 1996 7 2 4 5 14 12 10 14 9 4 5 1
-96.61 39.11 1998 6 6 9 9 7 11 13 6 6 9 9 2
-96.61 39.11 1997 2 8 6 12 11 9 5 13 8 6 8 9
-96.61 39.11 1997 2 8 6 12 11 9 5 13 8 6 8 9
-96.61 39.11 2012 2 10 9 8 5 8 6 7 6 6 2 5
-96.61 39.11 2002 4 4 6 11 12 6 4 10 5 12 2 1
-96.61 39.11 2011 3 4 11 6 11 9 8 9 6 7 8 7
-96.61 39.11 2005 7 8 5 8 8 12 6 9 7 6 4 6
-96.61 39.11 2007 5 3 3 1 7 10 11 9 7 9 2 10
-96.61 39.11 2001 5 7 7 8 16 9 7 8 10 5 4 3
-96.61 39.11 2007 5 3 3 1 7 10 11 9 7 9 2 10
-96.61 39.11 1997 2 8 6 12 11 9 5 13 8 6 8 9
-96.61 39.11 1995 5 5 8 12 19 9 11 5 10 4 5 6
-96.61 39.11 2003 4 10 6 8 10 9 5 7 6 5 7 5
-96.61 39.11 2012 2 10 9 8 5 8 6 7 6 6 2 5
-96.61 39.11 1994 5 4 4 11 5 12 14 7 6 10 7 9
-96.61 39.11 1996 7 2 4 5 14 12 10 14 9 4 5 1
-96.61 39.11 2005 7 8 5 8 8 12 6 9 7 6 4 6
-96.61 39.11 1994 5 4 4 11 5 12 14 7 6 10 7 9
-96.61 39.11 2002 4 4 6 11 12 6 4 10 5 12 2 1
-96.61 39.11 1992 6 5 10 6 5 13 16 10 7 7 13 5
-96.61 39.11 2012 2 10 9 8 5 8 6 7 6 6 2 5
-96.61 39.11 2003 4 10 6 8 10 9 5 7 6 5 7 5
-96.61 39.11 1999 3 5 3 9 13 15 7 6 9 2 2 6
-96.61 39.11 2005 7 8 5 8 8 12 6 9 7 6 4 6
-96.61 39.11 1992 6 5 10 6 5 13 16 10 7 7 13 5
-96.61 39.11 1994 5 4 4 11 5 12 14 7 6 10 7 9
-96.61 39.11 1993 7 5 10 11 19 14 21 10 11 9 6 5
-96.61 39.11 2004 5 7 8 7 7 13 11 9 5 6 11 2
-96.61 39.11 1991 7 1 6 9 12 5 9 8 6 4 8 8
-96.61 39.11 1998 6 6 9 9 7 11 13 6 6 9 9 2
-96.61 39.11 2011 3 4 11 6 11 9 8 9 6 7 8 7
-96.61 39.11 2001 5 7 7 8 16 9 7 8 10 5 4 3
-96.61 39.11 2003 4 10 6 8 10 9 5 7 6 5 7 5
-96.61 39.11 1991 7 1 6 9 12 5 9 8 6 4 8 8
-96.61 39.11 2007 5 3 3 1 7 10 11 9 7 9 2 10
-96.61 39.11 2003 4 10 6 8 10 9 5 7 6 5 7 5
-96.61 39.11 1995 5 5 8 12 19 9 11 5 10 4 5 6
-96.61 39.11 1995 5 5 8 12 19 9 11 5 10 4 5 6
-96.61 39.11 2006 3 0 9 9 8 10 8 11 6 7 1 1
-96.61 39.11 2000 4 6 13 8 9 14 8 8 8 7 5 11
-96.61 39.11 1993 7 5 10 11 19 14 21 10 11 9 6 5
-96.61 39.11 2001 5 7 7 8 16 9 7 8 10 5 4 3
-96.61 39.11 1993 7 5 10 11 19 14 21 10 11 9 6 5
-96.61 39.11 2005 7 8 5 8 8 12 6 9 7 6 4 6
-96.61 39.11 1998 6 6 9 9 7 11 13 6 6 9 9 2
-96.61 39.11 1999 3 5 3 9 13 15 7 6 9 2 2 6
-96.61 39.11 2005 7 8 5 8 8 12 6 9 7 6 4 6
-96.61 39.11 2012 2 10 9 8 5 8 6 7 6 6 2 5
-96.61 39.11 2006 3 0 9 9 8 10 8 11 6 7 1 1
-96.61 39.11 2001 5 7 7 8 16 9 7 8 10 5 4 3
-96.61 39.11 2002 4 4 6 11 12 6 4 10 5 12 2 1
-96.61 39.11 1991 7 1 6 9 12 5 9 8 6 4 8 8
-96.61 39.11 1997 2 8 6 12 11 9 5 13 8 6 8 9
-96.61 39.11 2001 5 7 7 8 16 9 7 8 10 5 4 3
-96.61 39.11 1992 6 5 10 6 5 13 16 10 7 7 13 5
-96.61 39.11 2001 5 7 7 8 16 9 7 8 10 5 4 3
-96.61 39.11 2009 0 3 4 11 7 10 10 9 7 12 6 7
-96.61 39.11 2004 5 7 8 7 7 13 11 9 5 6 11 2
-96.61 39.11 1995 5 5 8 12 19 9 11 5 10 4 5 6
-96.61 39.11 2005 7 8 5 8 8 12 6 9 7 6 4 6
-96.61 39.11 2005 7 8 5 8 8 12 6 9 7 6 4 6
-96.61 39.11 1995 5 5 8 12 19 9 11 5 10 4 5 6
-96.61 39.11 2003 4 10 6 8 10 9 5 7 6 5 7 5
-96.61 39.11 1997 2 8 6 12 11 9 5 13 8 6 8 9
-96.61 39.11 2000 4 6 13 8 9 14 8 8 8 7 5 11
-96.61 39.11 2012 2 10 9 8 5 8 6 7 6 6 2 5
-96.61 39.11 2001 5 7 7 8 16 9 7 8 10 5 4 3
-96.61 39.11 2012 2 10 9 8 5 8 6 7 6 6 2 5
-96.61 39.11 1997 2 8 6 12 11 9 5 13 8 6 8 9
-96.61 39.11 1993 7 5 10 11 19 14 21 10 11 9 6 5
-96.61 39.11 1996 7 2 4 5 14 12 10 14 9 4 5 1
-96.61 39.11 2007 5 3 3 1 7 10 11 9 7 9 2 10
-96.61 39.11 2002 4 4 6 11 12 6 4 10 5 12 2 1
-96.61 39.11 2012 2 10 9 8 5 8 6 7 6 6 2 5
-96.61 39.11 1996 7 2 4 5 14 12 10 14 9 4 5 1
-96.61 39.11 2011 3 4 11 6 11 9 8 9 6 7 8 7
-96.61 39.11 1999 3 5 3 9 13 15 7 6 9 2 2 6
-96.61 39.11 2004 5 7 8 7 7 13 11 9 5 6 11 2
-96.61 39.11 1999 3 5 3 9 13 15 7 6 9 2 2 6
-96.61 39.11 1993 7 5 10 11 19 14 21 10 11 9 6 5
-96.61 39.11 2006 3 0 9 9 8 10 8 11 6 7 1 1
-96.61 39.11 2002 4 4 6 11 12 6 4 10 5 12 2 1
-96.61 39.11 1997 2 8 6 12 11 9 5 13 8 6 8 9
-96.61 39.11 1995 5 5 8 12 19 9 11 5 10 4 5 6
-96.61 39.11 2003 4 10 6 8 10 9 5 7 6 5 7 5
-96.61 39.11 1993 7 5 10 11 19 14 21 10 11 9 6 5
-96.61 39.11 1993 7 5 10 11 19 14 21 10 11 9 6 5
-96.61 39.11 1993 7 5 10 11 19 14 21 10 11 9 6 5
-96.61 39.11 2012 2 10 9 8 5 8 6 7 6 6 2 5
-96.61 39.11 2002 4 4 6 11 12 6 4 10 5 12 2 1
-96.61 39.11 1992 6 5 10 6 5 13 16 10 7 7 13 5
-96.61 39.11 2000 4 6 13 8 9 14 8 8 8 7 5 11
-96.61 39.11 1998 6 6 9 9 7 11 13 6 6 9 9 2
-96.61 39.11 1993 7 5 10 11 19 14 21 10 11 9 6 5
-96.61 39.11 1996 7 2 4 5 14 12 10 14 9 4 5 1
-96.61 39.11 2011 3 4 11 6 11 9 8 9 6 7 8 7
-96.61 39.11 2004 5 7 8 7 7 13 11 9 5 6 11 2
-96.61 39.11 2001 5 7 7 8 16 9 7 8 10 5 4 3
-96.61 39.11 1991 7 1 6 9 12 5 9 8 6 4 8 8
-96.61 39.11 1992 6 5 10 6 5 13 16 10 7 7 13 5
-96.61 39.11 1999 3 5 3 9 13 15 7 6 9 2 2 6
-96.61 39.11 1996 7 2 4 5 14 12 10 14 9 4 5 1
-96.61 39.11 2012 2 10 9 8 5 8 6 7 6 6 2 5
-96.61 39.11 2007 5 3 3 1 7 10 11 9 7 9 2 10
-96.61 39.11 2012 2 10 9 8 5 8 6 7 6 6 2 5
-96.61 39.11 1991 7 1 6 9 12 5 9 8 6 4 8 8
-96.61 39.11 1991 7 1 6 9 12 5 9 8 6 4 8 8
-96.61 39.11 2002 4 4 6 11 12 6 4 10 5 12 2 1
-96.61 39.11 1998 6 6 9 9 7 11 13 6 6 9 9 2
-96.61 39.11 2002 4 4 6 11 12 6 4 10 5 12 2 1
-96.61 39.11 1998 6 6 9 9 7 11 13 6 6 9 9 2
-96.61 39.11 1998 6 6 9 9 7 11 13 6 6 9 9 2
-96.61 39.11 2011 3 4 11 6 11 9 8 9 6 7 8 7
-96.61 39.11 1995 5 5 8 12 19 9 11 5 10 4 5 6
-96.61 39.11 2012 2 10 9 8 5 8 6 7 6 6 2 5
-96.61 39.11 1993 7 5 10 11 19 14 21 10 11 9 6 5
-96.61 39.11 2000 4 6 13 8 9 14 8 8 8 7 5 11
-96.61 39.11 2011 3 4 11 6 11 9 8 9 6 7 8 7
-96.61 39.11 2011 3 4 11 6 11 9 8 9 6 7 8 7
-96.61 39.11 1995 5 5 8 12 19 9 11 5 10 4 5 6
-96.61 39.11 1999 3 5 3 9 13 15 7 6 9 2 2 6
-96.61 39.11 1994 5 4 4 11 5 12 14 7 6 10 7 9
-96.61 39.11 2003 4 10 6 8 10 9 5 7 6 5 7 5
-96.61 39.11 1999 3 5 3 9 13 15 7 6 9 2 2 6
-96.61 39.11 1999 3 5 3 9 13 15 7 6 9 2 2 6
-96.61 39.11 2000 4 6 13 8 9 14 8 8 8 7 5 11
-96.61 39.11 1994 5 4 4 11 5 12 14 7 6 10 7 9
-96.61 39.11 1998 6 6 9 9 7 11 13 6 6 9 9 2
-96.61 39.11 2007 5 3 3 1 7 10 11 9 7 9 2 10
-96.61 39.11 2007 5 3 3 1 7 10 11 9 7 9 2 10
-96.61 39.11 2001 5 7 7 8 16 9 7 8 10 5 4 3
-96.61 39.11 2002 4 4 6 11 12 6 4 10 5 12 2 1
-96.61 39.11 2002 4 4 6 11 12 6 4 10 5 12 2 1
-96.61 39.11 2010 5 5 8 7 11 9 8 5 8 4 2 3
-96.61 39.11 1997 2 8 6 12 11 9 5 13 8 6 8 9
-96.61 39.11 1994 5 4 4 11 5 12 14 7 6 10 7 9
-96.61 39.11 1991 7 1 6 9 12 5 9 8 6 4 8 8
-96.61 39.11 2009 0 3 4 11 7 10 10 9 7 12 6 7
-96.61 39.11 1999 3 5 3 9 13 15 7 6 9 2 2 6
-96.61 39.11 2001 5 7 7 8 16 9 7 8 10 5 4 3
-96.61 39.11 2008 4 6 7 9 10 13 11 5 6 7 6 6
-96.61 39.11 2010 5 5 8 7 11 9 8 5 8 4 2 3
-96.61 39.11 2007 5 3 3 1 7 10 11 9 7 9 2 10
-96.61 39.11 2010 5 5 8 7 11 9 8 5 8 4 2 3
-96.61 39.11 2011 3 4 11 6 11 9 8 9 6 7 8 7
-96.61 39.11 2010 5 5 8 7 11 9 8 5 8 4 2 3
-96.61 39.11 2012 2 10 9 8 5 8 6 7 6 6 2 5
-96.61 39.11 2008 4 6 7 9 10 13 11 5 6 7 6 6
-96.61 39.11 1995 5 5 8 12 19 9 11 5 10 4 5 6
-96.61 39.11 2009 0 3 4 11 7 10 10 9 7 12 6 7
-96.61 39.11 2009 0 3 4 11 7 10 10 9 7 12 6 7
-96.61 39.11 1998 6 6 9 9 7 11 13 6 6 9 9 2
-96.61 39.11 2010 5 5 8 7 11 9 8 5 8 4 2 3
-96.61 39.11 2007 5 3 3 1 7 10 11 9 7 9 2 10
-96.61 39.11 2008 4 6 7 9 10 13 11 5 6 7 6 6
-96.61 39.11 2007 5 3 3 1 7 10 11 9 7 9 2 10
-96.61 39.11 2011 3 4 11 6 11 9 8 9 6 7 8 7
-96.61 39.11 2012 2 10 9 8 5 8 6 7 6 6 2 5
-96.61 39.11 2010 5 5 8 7 11 9 8 5 8 4 2 3
-96.61 39.11 2008 4 6 7 9 10 13 11 5 6 7 6 6
-96.61 39.11 2012 2 10 9 8 5 8 6 7 6 6 2 5
-96.61 39.11 1993 7 5 10 11 19 14 21 10 11 9 6 5
-96.61 39.11 1992 6 5 10 6 5 13 16 10 7 7 13 5
-96.61 39.11 1996 7 2 4 5 14 12 10 14 9 4 5 1
-96.61 39.11 2007 5 3 3 1 7 10 11 9 7 9 2 10
-96.61 39.11 2005 7 8 5 8 8 12 6 9 7 6 4 6
-96.61 39.11 1992 6 5 10 6 5 13 16 10 7 7 13 5
-96.61 39.11 1991 7 1 6 9 12 5 9 8 6 4 8 8
-96.61 39.11 2003 4 10 6 8 10 9 5 7 6 5 7 5
-96.61 39.11 2001 5 7 7 8 16 9 7 8 10 5 4 3
-96.61 39.11 1994 5 4 4 11 5 12 14 7 6 10 7 9
-96.61 39.11 2010 5 5 8 7 11 9 8 5 8 4 2 3
-96.61 39.11 1991 7 1 6 9 12 5 9 8 6 4 8 8
-96.61 39.11 2006 3 0 9 9 8 10 8 11 6 7 1 1
-96.61 39.11 1998 6 6 9 9 7 11 13 6 6 9 9 2
-96.61 39.11 2005 7 8 5 8 8 12 6 9 7 6 4 6
-96.61 39.11 2007 5 3 3 1 7 10 11 9 7 9 2 10
-96.61 39.11 2000 4 6 13 8 9 14 8 8 8 7 5 11
-96.61 39.11 2001 5 7 7 8 16 9 7 8 10 5 4 3
-96.61 39.11 1999 3 5 3 9 13 15 7 6 9 2 2 6
-96.61 39.11 2011 3 4 11 6 11 9 8 9 6 7 8 7
-96.61 39.11 2012 2 10 9 8 5 8 6 7 6 6 2 5
-96.61 39.11 1995 5 5 8 12 19 9 11 5 10 4 5 6
-96.61 39.11 1994 5 4 4 11 5 12 14 7 6 10 7 9
-96.61 39.11 2006 3 0 9 9 8 10 8 11 6 7 1 1
-96.61 39.11 1992 6 5 10 6 5 13 16 10 7 7 13 5
-96.61 39.11 1996 7 2 4 5 14 12 10 14 9 4 5 1
-96.61 39.11 1994 5 4 4 11 5 12 14 7 6 10 7 9
-96.61 39.11 2006 3 0 9 9 8 10 8 11 6 7 1 1
-96.61 39.11 2002 4 4 6 11 12 6 4 10 5 12 2 1
-96.61 39.11 2006 3 0 9 9 8 10 8 11 6 7 1 1
-96.61 39.11 1995 5 5 8 12 19 9 11 5 10 4 5 6
-96.61 39.11 2007 5 3 3 1 7 10 11 9 7 9 2 10
-96.61 39.11 2007 5 3 3 1 7 10 11 9 7 9 2 10
-96.61 39.11 2005 7 8 5 8 8 12 6 9 7 6 4 6
-96.61 39.11 2003 4 10 6 8 10 9 5 7 6 5 7 5
-96.61 39.11 1998 6 6 9 9 7 11 13 6 6 9 9 2
-96.61 39.11 2005 7 8 5 8 8 12 6 9 7 6 4 6
-96.61 39.11 2011 3 4 11 6 11 9 8 9 6 7 8 7
-96.61 39.11 2006 3 0 9 9 8 10 8 11 6 7 1 1
-96.61 39.11 1992 6 5 10 6 5 13 16 10 7 7 13 5
-96.61 39.11 2004 5 7 8 7 7 13 11 9 5 6 11 2
-96.61 39.11 1992 6 5 10 6 5 13 16 10 7 7 13 5
-96.61 39.11 2001 5 7 7 8 16 9 7 8 10 5 4 3
-96.61 39.11 2006 3 0 9 9 8 10 8 11 6 7 1 1
-96.61 39.11 2011 3 4 11 6 11 9 8 9 6 7 8 7
-96.61 39.11 2006 3 0 9 9 8 10 8 11 6 7 1 1
-96.61 39.11 2005 7 8 5 8 8 12 6 9 7 6 4 6
-96.61 39.11 2002 4 4 6 11 12 6 4 10 5 12 2 1
-96.61 39.11 1991 7 1 6 9 12 5 9 8 6 4 8 8
-96.61 39.11 1996 7 2 4 5 14 12 10 14 9 4 5 1
-96.61 39.11 2009 0 3 4 11 7 10 10 9 7 12 6 7
-96.61 39.11 2001 5 7 7 8 16 9 7 8 10 5 4 3
-96.61 39.11 1993 7 5 10 11 19 14 21 10 11 9 6 5
-96.61 39.11 2003 4 10 6 8 10 9 5 7 6 5 7 5
-96.61 39.11 2000 4 6 13 8 9 14 8 8 8 7 5 11
-96.61 39.11 2005 7 8 5 8 8 12 6 9 7 6 4 6
-96.61 39.11 1992 6 5 10 6 5 13 16 10 7 7 13 5
-96.61 39.11 2010 5 5 8 7 11 9 8 5 8 4 2 3
-96.61 39.11 2010 5 5 8 7 11 9 8 5 8 4 2 3
-96.61 39.11 2000 4 6 13 8 9 14 8 8 8 7 5 11
-96.61 39.11 2005 7 8 5 8 8 12 6 9 7 6 4 6
-96.61 39.11 1994 5 4 4 11 5 12 14 7 6 10 7 9
-96.61 39.11 1994 5 4 4 11 5 12 14 7 6 10 7 9
-96.61 39.11 2005 7 8 5 8 8 12 6 9 7 6 4 6
-96.61 39.11 2001 5 7 7 8 16 9 7 8 10 5 4 3
-96.61 39.11 2010 5 5 8 7 11 9 8 5 8 4 2 3
-96.61 39.11 2008 4 6 7 9 10 13 11 5 6 7 6 6
-96.61 39.11 1993 7 5 10 11 19 14 21 10 11 9 6 5
-96.61 39.11 2009 0 3 4 11 7 10 10 9 7 12 6 7
-96.61 39.11 1998 6 6 9 9 7 11 13 6 6 9 9 2
-96.61 39.11 2011 3 4 11 6 11 9 8 9 6 7 8 7
-96.61 39.11 2012 2 10 9 8 5 8 6 7 6 6 2 5
-96.61 39.11 1994 5 4 4 11 5 12 14 7 6 10 7 9
-96.61 39.11 2012 2 10 9 8 5 8 6 7 6 6 2 5
-96.61 39.11 1994 5 4 4 11 5 12 14 7 6 10 7 9
-96.61 39.11 2009 0 3 4 11 7 10 10 9 7 12 6 7
-96.61 39.11 2002 4 4 6 11 12 6 4 10 5 12 2 1
-96.61 39.11 1996 7 2 4 5 14 12 10 14 9 4 5 1
-96.61 39.11 2008 4 6 7 9 10 13 11 5 6 7 6 6
-96.61 39.11 1998 6 6 9 9 7 11 13 6 6 9 9 2
-96.61 39.11 1997 2 8 6 12 11 9 5 13 8 6 8 9
-96.61 39.11 1998 6 6 9 9 7 11 13 6 6 9 9 2
-96.61 39.11 1991 7 1 6 9 12 5 9 8 6 4 8 8
-96.61 39.11 2001 5 7 7 8 16 9 7 8 10 5 4 3
-96.61 39.11 2004 5 7 8 7 7 13 11 9 5 6 11 2
-96.61 39.11 1992 6 5 10 6 5 13 16 10 7 7 13 5
-96.61 39.11 2000 4 6 13 8 9 14 8 8 8 7 5 11
-96.61 39.11 2004 5 7 8 7 7 13 11 9 5 6 11 2
-96.61 39.11 2007 5 3 3 1 7 10 11 9 7 9 2 10
-96.61 39.11 2005 7 8 5 8 8 12 6 9 7 6 4 6
-96.61 39.11 1992 6 5 10 6 5 13 16 10 7 7 13 5
-96.61 39.11 2001 5 7 7 8 16 9 7 8 10 5 4 3
-96.61 39.11 2010 5 5 8 7 11 9 8 5 8 4 2 3
-96.61 39.11 1993 7 5 10 11 19 14 21 10 11 9 6 5
-96.61 39.11 2008 4 6 7 9 10 13 11 5 6 7 6 6
-96.61 39.11 1992 6 5 10 6 5 13 16 10 7 7 13 5
-96.61 39.11 1992 6 5 10 6 5 13 16 10 7 7 13 5
-96.61 39.11 2008 4 6 7 9 10 13 11 5 6 7 6 6
-96.61 39.11 2010 5 5 8 7 11 9 8 5 8 4 2 3
-96.61 39.11 1991 7 1 6 9 12 5 9 8 6 4 8 8
-96.61 39.11 1992 6 5 10 6 5 13 16 10 7 7 13 5
-96.61 39.11 2004 5 7 8 7 7 13 11 9 5 6 11 2
-96.61 39.11 2010 5 5 8 7 11 9 8 5 8 4 2 3
-96.61 39.11 1998 6 6 9 9 7 11 13 6 6 9 9 2
-96.61 39.11 2006 3 0 9 9 8 10 8 11 6 7 1 1
-96.61 39.11 2001 5 7 7 8 16 9 7 8 10 5 4 3
-96.61 39.11 2000 4 6 13 8 9 14 8 8 8 7 5 11
-96.61 39.11 2003 4 10 6 8 10 9 5 7 6 5 7 5
-96.61 39.11 1991 7 1 6 9 12 5 9 8 6 4 8 8
-96.61 39.11 2005 7 8 5 8 8 12 6 9 7 6 4 6
-96.61 39.11 1999 3 5 3 9 13 15 7 6 9 2 2 6
-96.61 39.11 2007 5 3 3 1 7 10 11 9 7 9 2 10
-96.61 39.11 2004 5 7 8 7 7 13 11 9 5 6 11 2
-96.61 39.11 1993 7 5 10 11 19 14 21 10 11 9 6 5
-96.61 39.11 2007 5 3 3 1 7 10 11 9 7 9 2 10
-96.61 39.11 1998 6 6 9 9 7 11 13 6 6 9 9 2
-96.61 39.11 1995 5 5 8 12 19 9 11 5 10 4 5 6
-96.61 39.11 2010 5 5 8 7 11 9 8 5 8 4 2 3
-96.61 39.11 2008 4 6 7 9 10 13 11 5 6 7 6 6
-96.61 39.11 1996 7 2 4 5 14 12 10 14 9 4 5 1
-96.61 39.11 1999 3 5 3 9 13 15 7 6 9 2 2 6
-96.61 39.11 2005 7 8 5 8 8 12 6 9 7 6 4 6
-96.61 39.11 1996 7 2 4 5 14 12 10 14 9 4 5 1
-96.61 39.11 2007 5 3 3 1 7 10 11 9 7 9 2 10
-96.61 39.11 1994 5 4 4 11 5 12 14 7 6 10 7 9
-96.61 39.11 1996 7 2 4 5 14 12 10 14 9 4 5 1
-96.61 39.11 2012 2 10 9 8 5 8 6 7 6 6 2 5
-96.61 39.11 2009 0 3 4 11 7 10 10 9 7 12 6 7
-96.61 39.11 1992 6 5 10 6 5 13 16 10 7 7 13 5
-96.61 39.11 2011 3 4 11 6 11 9 8 9 6 7 8 7
-96.61 39.11 1998 6 6 9 9 7 11 13 6 6 9 9 2
-96.61 39.11 1998 6 6 9 9 7 11 13 6 6 9 9 2
-96.61 39.11 2007 5 3 3 1 7 10 11 9 7 9 2 10
-96.61 39.11 1991 7 1 6 9 12 5 9 8 6 4 8 8
-96.61 39.11 1994 5 4 4 11 5 12 14 7 6 10 7 9
-96.61 39.11 1997 2 8 6 12 11 9 5 13 8 6 8 9
-96.61 39.11 2012 2 10 9 8 5 8 6 7 6 6 2 5
-96.61 39.11 1997 2 8 6 12 11 9 5 13 8 6 8 9
-96.61 39.11 2011 3 4 11 6 11 9 8 9 6 7 8 7
-96.61 39.11 1992 6 5 10 6 5 13 16 10 7 7 13 5
-96.61 39.11 2005 7 8 5 8 8 12 6 9 7 6 4 6
-96.61 39.11 2008 4 6 7 9 10 13 11 5 6 7 6 6
-96.61 39.11 1992 6 5 10 6 5 13 16 10 7 7 13 5
-96.61 39.11 2011 3 4 11 6 11 9 8 9 6 7 8 7
-96.61 39.11 2009 0 3 4 11 7 10 10 9 7 12 6 7
-96.61 39.11 1991 7 1 6 9 12 5 9 8 6 4 8 8
-96.61 39.11 2003 4 10 6 8 10 9 5 7 6 5 7 5
-96.61 39.11 2001 5 7 7 8 16 9 7 8 10 5 4 3
-96.61 39.11 1994 5 4 4 11 5 12 14 7 6 10 7 9
-96.61 39.11 2009 0 3 4 11 7 10 10 9 7 12 6 7
-96.61 39.11 2005 7 8 5 8 8 12 6 9 7 6 4 6
-96.61 39.11 2011 3 4 11 6 11 9 8 9 6 7 8 7
-96.61 39.11 1998 6 6 9 9 7 11 13 6 6 9 9 2
-96.61 39.11 2012 2 10 9 8 5 8 6 7 6 6 2 5
-96.61 39.11 2011 3 4 11 6 11 9 8 9 6 7 8 7
-96.61 39.11 1992 6 5 10 6 5 13 16 10 7 7 13 5
-96.61 39.11 1996 7 2 4 5 14 12 10 14 9 4 5 1
-96.61 39.11 2012 2 10 9 8 5 8 6 7 6 6 2 5
-96.61 39.11 1997 2 8 6 12 11 9 5 13 8 6 8 9
-96.61 39.11 2010 5 5 8 7 11 9 8 5 8 4 2 3
-96.61 39.11 2007 5 3 3 1 7 10 11 9 7 9 2 10
-96.61 39.11 2011 3 4 11 6 11 9 8 9 6 7 8 7
-96.61 39.11 2003 4 10 6 8 10 9 5 7 6 5 7 5
-96.61 39.11 2012 2 10 9 8 5 8 6 7 6 6 2 5
-96.61 39.11 1993 7 5 10 11 19 14 21 10 11 9 6 5
-96.61 39.11 2012 2 10 9 8 5 8 6 7 6 6 2 5
-96.61 39.11 2007 5 3 3 1 7 10 11 9 7 9 2 10
-96.61 39.11 1999 3 5 3 9 13 15 7 6 9 2 2 6
-96.61 39.11 2011 3 4 11 6 11 9 8 9 6 7 8 7
-96.61 39.11 1996 7 2 4 5 14 12 10 14 9 4 5 1
-96.61 39.11 2006 3 0 9 9 8 10 8 11 6 7 1 1
-96.61 39.11 1996 7 2 4 5 14 12 10 14 9 4 5 1
-96.61 39.11 2008 4 6 7 9 10 13 11 5 6 7 6 6
-96.61 39.11 2005 7 8 5 8 8 12 6 9 7 6 4 6
-96.61 39.11 2006 3 0 9 9 8 10 8 11 6 7 1 1
-96.61 39.11 2000 4 6 13 8 9 14 8 8 8 7 5 11
-96.61 39.11 2002 4 4 6 11 12 6 4 10 5 12 2 1
-96.61 39.11 1996 7 2 4 5 14 12 10 14 9 4 5 1
-96.61 39.11 1996 7 2 4 5 14 12 10 14 9 4 5 1
-96.61 39.11 2005 7 8 5 8 8 12 6 9 7 6 4 6
-96.61 39.11 2009 0 3 4 11 7 10 10 9 7 12 6 7
-96.61 39.11 2009 0 3 4 11 7 10 10 9 7 12 6 7
-96.61 39.11 1993 7 5 10 11 19 14 21 10 11 9 6 5
-96.61 39.11 1997 2 8 6 12 11 9 5 13 8 6 8 9
-96.61 39.11 2010 5 5 8 7 11 9 8 5 8 4 2 3
-96.61 39.11 1991 7 1 6 9 12 5 9 8 6 4 8 8
-96.61 39.11 2002 4 4 6 11 12 6 4 10 5 12 2 1
-96.61 39.11 2008 4 6 7 9 10 13 11 5 6 7 6 6
-96.61 39.11 1994 5 4 4 11 5 12 14 7 6 10 7 9
-96.61 39.11 1996 7 2 4 5 14 12 10 14 9 4 5 1
-96.61 39.11 2002 4 4 6 11 12 6 4 10 5 12 2 1
-96.61 39.11 2009 0 3 4 11 7 10 10 9 7 12 6 7
-96.61 39.11 1997 2 8 6 12 11 9 5 13 8 6 8 9
-96.61 39.11 1994 5 4 4 11 5 12 14 7 6 10 7 9
-96.61 39.11 2009 0 3 4 11 7 10 10 9 7 12 6 7
-96.61 39.11 2004 5 7 8 7 7 13 11 9 5 6 11 2
-96.61 39.11 1995 5 5 8 12 19 9 11 5 10 4 5 6
-96.61 39.11 2009 0 3 4 11 7 10 10 9 7 12 6 7
-96.61 39.11 1997 2 8 6 12 11 9 5 13 8 6 8 9
-96.61 39.11 2009 0 3 4 11 7 10 10 9 7 12 6 7
-96.61 39.11 2008 4 6 7 9 10 13 11 5 6 7 6 6
-96.61 39.11 2007 5 3 3 1 7 10 11 9 7 9 2 10
-96.61 39.11 2001 5 7 7 8 16 9 7 8 10 5 4 3
-96.61 39.11 2007 5 3 3 1 7 10 11 9 7 9 2 10
-96.61 39.11 1992 6 5 10 6 5 13 16 10 7 7 13 5
-96.61 39.11 1997 2 8 6 12 11 9 5 13 8 6 8 9
-96.61 39.11 2003 4 10 6 8 10 9 5 7 6 5 7 5
-96.61 39.11 1997 2 8 6 12 11 9 5 13 8 6 8 9
-96.61 39.11 2000 4 6 13 8 9 14 8 8 8 7 5 11
-96.61 39.11 1998 6 6 9 9 7 11 13 6 6 9 9 2
-96.61 39.11 2006 3 0 9 9 8 10 8 11 6 7 1 1
-96.61 39.11 2000 4 6 13 8 9 14 8 8 8 7 5 11
-96.61 39.11 2001 5 7 7 8 16 9 7 8 10 5 4 3
-96.61 39.11 2008 4 6 7 9 10 13 11 5 6 7 6 6
-96.61 39.11 2008 4 6 7 9 10 13 11 5 6 7 6 6
-96.61 39.11 2004 5 7 8 7 7 13 11 9 5 6 11 2
-96.61 39.11 2000 4 6 13 8 9 14 8 8 8 7 5 11
-96.61 39.11 1997 2 8 6 12 11 9 5 13 8 6 8 9
-96.61 39.11 1993 7 5 10 11 19 14 21 10 11 9 6 5
-96.61 39.11 1993 7 5 10 11 19 14 21 10 11 9 6 5
-96.61 39.11 2006 3 0 9 9 8 10 8 11 6 7 1 1
-96.61 39.11 1999 3 5 3 9 13 15 7 6 9 2 2 6
-96.61 39.11 1997 2 8 6 12 11 9 5 13 8 6 8 9
-96.61 39.11 2006 3 0 9 9 8 10 8 11 6 7 1 1
-96.61 39.11 2010 5 5 8 7 11 9 8 5 8 4 2 3
-96.61 39.11 2007 5 3 3 1 7 10 11 9 7 9 2 10
-96.61 39.11 1994 5 4 4 11 5 12 14 7 6 10 7 9
-96.61 39.11 2006 3 0 9 9 8 10 8 11 6 7 1 1
-96.61 39.11 1995 5 5 8 12 19 9 11 5 10 4 5 6
-96.61 39.11 2008 4 6 7 9 10 13 11 5 6 7 6 6
-96.61 39.11 2011 3 4 11 6 11 9 8 9 6 7 8 7
-96.61 39.11 1992 6 5 10 6 5 13 16 10 7 7 13 5
-96.61 39.11 2001 5 7 7 8 16 9 7 8 10 5 4 3
-96.61 39.11 2000 4 6 13 8 9 14 8 8 8 7 5 11
-96.61 39.11 2002 4 4 6 11 12 6 4 10 5 12 2 1
-96.61 39.11 2004 5 7 8 7 7 13 11 9 5 6 11 2
-96.61 39.11 2010 5 5 8 7 11 9 8 5 8 4 2 3
-96.61 39.11 2008 4 6 7 9 10 13 11 5 6 7 6 6
-96.61 39.11 2007 5 3 3 1 7 10 11 9 7 9 2 10
-96.61 39.11 1995 5 5 8 12 19 9 11 5 10 4 5 6
-96.61 39.11 1991 7 1 6 9 12 5 9 8 6 4 8 8
-96.61 39.11 2001 5 7 7 8 16 9 7 8 10 5 4 3
-96.61 39.11 2009 0 3 4 11 7 10 10 9 7 12 6 7
-96.61 39.11 1992 6 5 10 6 5 13 16 10 7 7 13 5
-96.61 39.11 2002 4 4 6 11 12 6 4 10 5 12 2 1
-96.61 39.11 2011 3 4 11 6 11 9 8 9 6 7 8 7
-96.61 39.11 1994 5 4 4 11 5 12 14 7 6 10 7 9
-96.61 39.11 1997 2 8 6 12 11 9 5 13 8 6 8 9
-96.61 39.11 2009 0 3 4 11 7 10 10 9 7 12 6 7
-96.61 39.11 1995 5 5 8 12 19 9 11 5 10 4 5 6
-96.61 39.11 2003 4 10 6 8 10 9 5 7 6 5 7 5
-96.61 39.11 1991 7 1 6 9 12 5 9 8 6 4 8 8
-96.61 39.11 2009 0 3 4 11 7 10 10 9 7 12 6 7
-96.61 39.11 1995 5 5 8 12 19 9 11 5 10 4 5 6
-96.61 39.11 2011 3 4 11 6 11 9 8 9 6 7 8 7
-96.61 39.11 2000 4 6 13 8 9 14 8 8 8 7 5 11
-96.61 39.11 2001 5 7 7 8 16 9 7 8 10 5 4 3
-96.61 39.11 2002 4 4 6 11 12 6 4 10 5 12 2 1
-96.61 39.11 2007 5 3 3 1 7 10 11 9 7 9 2 10
-96.61 39.11 2004 5 7 8 7 7 13 11 9 5 6 11 2
-96.61 39.11 2008 4 6 7 9 10 13 11 5 6 7 6 6
-96.61 39.11 2006 3 0 9 9 8 10 8 11 6 7 1 1
-96.61 39.11 2011 3 4 11 6 11 9 8 9 6 7 8 7
-96.61 39.11 1994 5 4 4 11 5 12 14 7 6 10 7 9
-96.61 39.11 2002 4 4 6 11 12 6 4 10 5 12 2 1
-96.61 39.11 2002 4 4 6 11 12 6 4 10 5 12 2 1
-96.61 39.11 2001 5 7 7 8 16 9 7 8 10 5 4 3
-96.61 39.11 2003 4 10 6 8 10 9 5 7 6 5 7 5
-96.61 39.11 2004 5 7 8 7 7 13 11 9 5 6 11 2
-96.61 39.11 1998 6 6 9 9 7 11 13 6 6 9 9 2
-96.61 39.11 2005 7 8 5 8 8 12 6 9 7 6 4 6
-96.61 39.11 1992 6 5 10 6 5 13 16 10 7 7 13 5
-96.61 39.11 2003 4 10 6 8 10 9 5 7 6 5 7 5
-96.61 39.11 2001 5 7 7 8 16 9 7 8 10 5 4 3
-96.61 39.11 2011 3 4 11 6 11 9 8 9 6 7 8 7
-96.61 39.11 2005 7 8 5 8 8 12 6 9 7 6 4 6
-96.61 39.11 1992 6 5 10 6 5 13 16 10 7 7 13 5
-96.61 39.11 2010 5 5 8 7 11 9 8 5 8 4 2 3
-96.61 39.11 2000 4 6 13 8 9 14 8 8 8 7 5 11
-96.61 39.11 2000 4 6 13 8 9 14 8 8 8 7 5 11
-96.61 39.11 2002 4 4 6 11 12 6 4 10 5 12 2 1
-96.61 39.11 2005 7 8 5 8 8 12 6 9 7 6 4 6
-96.61 39.11 1999 3 5 3 9 13 15 7 6 9 2 2 6
-96.61 39.11 1992 6 5 10 6 5 13 16 10 7 7 13 5
-96.61 39.11 2007 5 3 3 1 7 10 11 9 7 9 2 10
-96.61 39.11 1991 7 1 6 9 12 5 9 8 6 4 8 8
-96.61 39.11 2009 0 3 4 11 7 10 10 9 7 12 6 7
-96.61 39.11 1994 5 4 4 11 5 12 14 7 6 10 7 9
-96.61 39.11 1991 7 1 6 9 12 5 9 8 6 4 8 8
-96.61 39.11 2010 5 5 8 7 11 9 8 5 8 4 2 3
-96.61 39.11 1996 7 2 4 5 14 12 10 14 9 4 5 1
-96.61 39.11 2001 5 7 7 8 16 9 7 8 10 5 4 3
-96.61 39.11 2000 4 6 13 8 9 14 8 8 8 7 5 11
-96.61 39.11 1994 5 4 4 11 5 12 14 7 6 10 7 9
-96.61 39.11 1997 2 8 6 12 11 9 5 13 8 6 8 9
-96.61 39.11 1993 7 5 10 11 19 14 21 10 11 9 6 5
-96.61 39.11 1997 2 8 6 12 11 9 5 13 8 6 8 9
-96.61 39.11 1991 7 1 6 9 12 5 9 8 6 4 8 8
-96.61 39.11 2006 3 0 9 9 8 10 8 11 6 7 1 1
-96.61 39.11 1996 7 2 4 5 14 12 10 14 9 4 5 1
-96.61 39.11 1991 7 1 6 9 12 5 9 8 6 4 8 8
-96.61 39.11 1993 7 5 10 11 19 14 21 10 11 9 6 5
-96.61 39.11 1991 7 1 6 9 12 5 9 8 6 4 8 8
-96.61 39.11 1995 5 5 8 12 19 9 11 5 10 4 5 6
-96.61 39.11 1999 3 5 3 9 13 15 7 6 9 2 2 6
-96.61 39.11 1991 7 1 6 9 12 5 9 8 6 4 8 8
-96.61 39.11 1999 3 5 3 9 13 15 7 6 9 2 2 6
-96.61 39.11 2003 4 10 6 8 10 9 5 7 6 5 7 5
-96.61 39.11 2005 7 8 5 8 8 12 6 9 7 6 4 6
-96.61 39.11 1998 6 6 9 9 7 11 13 6 6 9 9 2
-96.61 39.11 2008 4 6 7 9 10 13 11 5 6 7 6 6
-96.61 39.11 2003 4 10 6 8 10 9 5 7 6 5 7 5
-96.61 39.11 1999 3 5 3 9 13 15 7 6 9 2 2 6
-96.61 39.11 2011 3 4 11 6 11 9 8 9 6 7 8 7
-96.61 39.11 2000 4 6 13 8 9 14 8 8 8 7 5 11
-96.61 39.11 1998 6 6 9 9 7 11 13 6 6 9 9 2
-96.61 39.11 1992 6 5 10 6 5 13 16 10 7 7 13 5
-96.61 39.11 1999 3 5 3 9 13 15 7 6 9 2 2 6
-96.61 39.11 2010 5 5 8 7 11 9 8 5 8 4 2 3
-96.61 39.11 1995 5 5 8 12 19 9 11 5 10 4 5 6
-96.61 39.11 2002 4 4 6 11 12 6 4 10 5 12 2 1
-96.61 39.11 2011 3 4 11 6 11 9 8 9 6 7 8 7
-96.61 39.11 2000 4 6 13 8 9 14 8 8 8 7 5 11
-96.61 39.11 1995 5 5 8 12 19 9 11 5 10 4 5 6
-96.61 39.11 2005 7 8 5 8 8 12 6 9 7 6 4 6
-96.61 39.11 1992 6 5 10 6 5 13 16 10 7 7 13 5
-96.61 39.11 2010 5 5 8 7 11 9 8 5 8 4 2 3
-96.61 39.11 1998 6 6 9 9 7 11 13 6 6 9 9 2
-96.61 39.11 1995 5 5 8 12 19 9 11 5 10 4 5 6
-96.61 39.11 2010 5 5 8 7 11 9 8 5 8 4 2 3
-96.61 39.11 2002 4 4 6 11 12 6 4 10 5 12 2 1
-96.61 39.11 1991 7 1 6 9 12 5 9 8 6 4 8 8
-96.61 39.11 1993 7 5 10 11 19 14 21 10 11 9 6 5
-96.61 39.11 2006 3 0 9 9 8 10 8 11 6 7 1 1
-96.61 39.11 1995 5 5 8 12 19 9 11 5 10 4 5 6
-96.61 39.11 1998 6 6 9 9 7 11 13 6 6 9 9 2
-96.61 39.11 2012 2 10 9 8 5 8 6 7 6 6 2 5
-96.61 39.11 2003 4 10 6 8 10 9 5 7 6 5 7 5
-96.61 39.11 2004 5 7 8 7 7 13 11 9 5 6 11 2
-96.61 39.11 1998 6 6 9 9 7 11 13 6 6 9 9 2
-96.61 39.11 1996 7 2 4 5 14 12 10 14 9 4 5 1
-96.61 39.11 1992 6 5 10 6 5 13 16 10 7 7 13 5
-96.61 39.11 2001 5 7 7 8 16 9 7 8 10 5 4 3
-96.61 39.11 1998 6 6 9 9 7 11 13 6 6 9 9 2
-96.61 39.11 2003 4 10 6 8 10 9 5 7 6 5 7 5
-96.61 39.11 1993 7 5 10 11 19 14 21 10 11 9 6 5
-96.61 39.11 1998 6 6 9 9 7 11 13 6 6 9 9 2
-96.61 39.11 1996 7 2 4 5 14 12 10 14 9 4 5 1
-96.61 39.11 2002 4 4 6 11 12 6 4 10 5 12 2 1
-96.61 39.11 2004 5 7 8 7 7 13 11 9 5 6 11 2
-96.61 39.11 1996 7 2 4 5 14 12 10 14 9 4 5 1
-96.61 39.11 2004 5 7 8 7 7 13 11 9 5 6 11 2
-96.61 39.11 1993 7 5 10 11 19 14 21 10 11 9 6 5
-96.61 39.11 2004 5 7 8 7 7 13 11 9 5 6 11 2
-96.61 39.11 2009 0 3 4 11 7 10 10 9 7 12 6 7
-96.61 39.11 2004 5 7 8 7 7 13 11 9 5 6 11 2
-96.61 39.11 2012 2 10 9 8 5 8 6 7 6 6 2 5
-96.61 39.11 2007 5 3 3 1 7 10 11 9 7 9 2 10
-96.61 39.11 1992 6 5 10 6 5 13 16 10 7 7 13 5
-96.61 39.11 2004 5 7 8 7 7 13 11 9 5 6 11 2
-96.61 39.11 2004 5 7 8 7 7 13 11 9 5 6 11 2
-96.61 39.11 2004 5 7 8 7 7 13 11 9 5 6 11 2
-96.61 39.11 1998 6 6 9 9 7 11 13 6 6 9 9 2
-96.61 39.11 1992 6 5 10 6 5 13 16 10 7 7 13 5
-96.61 39.11 2008 4 6 7 9 10 13 11 5 6 7 6 6
-96.61 39.11 2011 3 4 11 6 11 9 8 9 6 7 8 7
-96.61 39.11 1997 2 8 6 12 11 9 5 13 8 6 8 9
-96.61 39.11 2007 5 3 3 1 7 10 11 9 7 9 2 10
-96.61 39.11 2002 4 4 6 11 12 6 4 10 5 12 2 1
-96.61 39.11 1996 7 2 4 5 14 12 10 14 9 4 5 1
-96.61 39.11 1993 7 5 10 11 19 14 21 10 11 9 6 5
-96.61 39.11 2011 3 4 11 6 11 9 8 9 6 7 8 7
-96.61 39.11 1998 6 6 9 9 7 11 13 6 6 9 9 2
-96.61 39.11 1999 3 5 3 9 13 15 7 6 9 2 2 6
-96.61 39.11 1993 7 5 10 11 19 14 21 10 11 9 6 5
-96.61 39.11 2012 2 10 9 8 5 8 6 7 6 6 2 5
-96.61 39.11 2008 4 6 7 9 10 13 11 5 6 7 6 6
-96.61 39.11 1999 3 5 3 9 13 15 7 6 9 2 2 6
-96.61 39.11 2006 3 0 9 9 8 10 8 11 6 7 1 1
-96.61 39.11 2010 5 5 8 7 11 9 8 5 8 4 2 3
-96.61 39.11 2008 4 6 7 9 10 13 11 5 6 7 6 6
-96.61 39.11 2008 4 6 7 9 10 13 11 5 6 7 6 6
-96.61 39.11 1995 5 5 8 12 19 9 11 5 10 4 5 6
-96.61 39.11 1993 7 5 10 11 19 14 21 10 11 9 6 5
-96.61 39.11 2009 0 3 4 11 7 10 10 9 7 12 6 7
-96.61 39.11 2008 4 6 7 9 10 13 11 5 6 7 6 6
-96.61 39.11 2000 4 6 13 8 9 14 8 8 8 7 5 11
-96.61 39.11 2012 2 10 9 8 5 8 6 7 6 6 2 5
-96.61 39.11 2010 5 5 8 7 11 9 8 5 8 4 2 3
-96.61 39.11 2004 5 7 8 7 7 13 11 9 5 6 11 2
-96.61 39.11 2006 3 0 9 9 8 10 8 11 6 7 1 1
-96.61 39.11 2012 2 10 9 8 5 8 6 7 6 6 2 5
-96.61 39.11 2000 4 6 13 8 9 14 8 8 8 7 5 11
-96.61 39.11 2006 3 0 9 9 8 10 8 11 6 7 1 1
-96.61 39.11 1991 7 1 6 9 12 5 9 8 6 4 8 8
-96.61 39.11 2010 5 5 8 7 11 9 8 5 8 4 2 3
-96.61 39.11 2008 4 6 7 9 10 13 11 5 6 7 6 6
-96.61 39.11 2011 3 4 11 6 11 9 8 9 6 7 8 7
-96.61 39.11 2007 5 3 3 1 7 10 11 9 7 9 2 10
-96.61 39.11 2008 4 6 7 9 10 13 11 5 6 7 6 6
-96.61 39.11 1999 3 5 3 9 13 15 7 6 9 2 2 6
-96.61 39.11 2010 5 5 8 7 11 9 8 5 8 4 2 3
-96.61 39.11 2004 5 7 8 7 7 13 11 9 5 6 11 2
-96.61 39.11 1997 2 8 6 12 11 9 5 13 8 6 8 9
-96.61 39.11 1994 5 4 4 11 5 12 14 7 6 10 7 9
-96.61 39.11 1991 7 1 6 9 12 5 9 8 6 4 8 8
-96.61 39.11 1991 7 1 6 9 12 5 9 8 6 4 8 8
-96.61 39.11 2008 4 6 7 9 10 13 11 5 6 7 6 6
-96.61 39.11 2003 4 10 6 8 10 9 5 7 6 5 7 5
-96.61 39.11 1998 6 6 9 9 7 11 13 6 6 9 9 2
-96.61 39.11 1998 6 6 9 9 7 11 13 6 6 9 9 2
-96.61 39.11 2006 3 0 9 9 8 10 8 11 6 7 1 1
-96.61 39.11 1992 6 5 10 6 5 13 16 10 7 7 13 5
-96.61 39.11 2004 5 7 8 7 7 13 11 9 5 6 11 2
-96.61 39.11 2011 3 4 11 6 11 9 8 9 6 7 8 7
-96.61 39.11 2001 5 7 7 8 16 9 7 8 10 5 4 3
-96.61 39.11 2010 5 5 8 7 11 9 8 5 8 4 2 3
-96.61 39.11 1992 6 5 10 6 5 13 16 10 7 7 13 5
-96.61 39.11 1996 7 2 4 5 14 12 10 14 9 4 5 1
-96.61 39.11 2004 5 7 8 7 7 13 11 9 5 6 11 2
-96.61 39.11 2008 4 6 7 9 10 13 11 5 6 7 6 6
-96.61 39.11 2000 4 6 13 8 9 14 8 8 8 7 5 11
-96.61 39.11 1993 7 5 10 11 19 14 21 10 11 9 6 5
-96.61 39.11 2007 5 3 3 1 7 10 11 9 7 9 2 10
-96.61 39.11 2005 7 8 5 8 8 12 6 9 7 6 4 6
-96.61 39.11 2009 0 3 4 11 7 10 10 9 7 12 6 7
-96.61 39.11 1996 7 2 4 5 14 12 10 14 9 4 5 1
-96.61 39.11 1992 6 5 10 6 5 13 16 10 7 7 13 5
-96.61 39.11 2005 7 8 5 8 8 12 6 9 7 6 4 6
-96.61 39.11 1995 5 5 8 12 19 9 11 5 10 4 5 6
-96.61 39.11 1996 7 2 4 5 14 12 10 14 9 4 5 1
-96.61 39.11 2010 5 5 8 7 11 9 8 5 8 4 2 3
-96.61 39.11 2007 5 3 3 1 7 10 11 9 7 9 2 10
-96.61 39.11 1993 7 5 10 11 19 14 21 10 11 9 6 5
-96.61 39.11 1993 7 5 10 11 19 14 21 10 11 9 6 5
-96.61 39.11 2008 4 6 7 9 10 13 11 5 6 7 6 6
-96.61 39.11 1998 6 6 9 9 7 11 13 6 6 9 9 2
-96.61 39.11 2000 4 6 13 8 9 14 8 8 8 7 5 11
-96.61 39.11 2004 5 7 8 7 7 13 11 9 5 6 11 2
-96.61 39.11 1997 2 8 6 12 11 9 5 13 8 6 8 9
-96.61 39.11 1999 3 5 3 9 13 15 7 6 9 2 2 6
-96.61 39.11 2009 0 3 4 11 7 10 10 9 7 12 6 7
-96.61 39.11 1993 7 5 10 11 19 14 21 10 11 9 6 5
-96.61 39.11 2009 0 3 4 11 7 10 10 9 7 12 6 7
-96.61 39.11 1994 5 4 4 11 5 12 14 7 6 10 7 9
-96.61 39.11 2000 4 6 13 8 9 14 8 8 8 7 5 11
-96.61 39.11 2010 5 5 8 7 11 9 8 5 8 4 2 3
-96.61 39.11 1997 2 8 6 12 11 9 5 13 8 6 8 9
-96.61 39.11 1998 6 6 9 9 7 11 13 6 6 9 9 2
-96.61 39.11 2006 3 0 9 9 8 10 8 11 6 7 1 1
-96.61 39.11 1992 6 5 10 6 5 13 16 10 7 7 13 5
-96.61 39.11 2005 7 8 5 8 8 12 6 9 7 6 4 6
-96.61 39.11 1991 7 1 6 9 12 5 9 8 6 4 8 8
-96.61 39.11 2010 5 5 8 7 11 9 8 5 8 4 2 3
-96.61 39.11 1991 7 1 6 9 12 5 9 8 6 4 8 8
-96.61 39.11 1991 7 1 6 9 12 7 15 13 7 4 8 8
-96.61 39.11 1992 6 5 10 6 6 15 17 14 10 7 13 5
-96.61 39.11 1993 7 5 10 11 19 15 21 13 11 9 6 5
-96.61 39.11 1994 5 4 4 11 5 14 14 10 8 10 7 9
-96.61 39.11 1995 5 5 8 12 19 10 13 11 11 4 5 6
-96.61 39.11 1996 7 2 4 5 14 13 11 15 10 4 5 1
-96.61 39.11 1997 2 8 6 12 11 10 10 14 9 6 8 9
-96.61 39.11 1998 6 6 9 9 7 12 16 10 8 9 9 2
-96.61 39.11 1999 3 5 3 9 13 15 11 10 10 2 2 6
-96.61 39.11 2000 4 6 13 8 9 15 12 11 10 7 5 11
-96.61 39.11 2001 5 7 7 8 16 9 11 11 10 5 4 3
-96.61 39.11 2002 4 4 6 11 12 7 10 11 6 12 2 1
-96.61 39.11 2003 4 10 6 8 10 9 9 12 6 5 7 5
-96.61 39.11 2004 5 7 8 7 7 13 13 10 6 6 11 2
-96.61 39.11 2005 7 8 5 8 8 13 10 11 8 6 4 6
-96.61 39.11 2006 3 0 9 9 9 12 13 12 6 7 1 1
-96.61 39.11 2007 5 3 3 1 7 10 13 12 8 9 2 10
-96.61 39.11 2008 4 6 7 9 10 13 11 6 6 7 6 6
-96.61 39.11 2009 0 3 4 11 8 11 12 11 7 12 6 7
-96.61 39.11 2010 5 5 8 7 11 10 8 6 8 4 2 3
-96.61 39.11 2011 3 4 11 6 11 11 14 12 7 7 8 7
-96.61 39.11 2012 2 10 9 8 6 10 12 9 6 6 2 5
